0.2462 2.1966
0.2816 1.2794
-- --
0.6518 2.7284
1.0646 2.8170
2.6229 4.9131
2.2173 3.0259
3.6750 1.9376
3.3359 --
4.0079 1.9882
8.0079 5.9882
1.7883 4.7271
2.5710 2.5157
4.5906 4.5534
3.4500 3.2646
0.6132 1.8731
0.6132 4.0970
1.4337 4.4727
2.1914 0.8179
-- --
3.0624 3.8825
0.7663 0.7273
-- 3.5525
1.7222 0.2197
3.6418 2.6939
3.6572 2.2547
3.7106 3.4580
3.7650 4.4233
7.7650 1.1199
3.3404 4.9280
0.7561 --
4.7561 7.8517
2.0013 3.5668
2.3057 3.8433
-- --
3.5509 3.2291
-- 3.7266
2.2707 4.5668
6.2707 8.5668
1.9899 --
1.9899 2.6894
-- 1.3279
3.1438 1.4014
0.0492 0.0010
0.0492 0.0010
0.0492 0.7883
3.8747 1.7895
1.9969 3.1806
4.9368 3.4458
8.9368 3.0827
-- 3.3121
-- 3.3121
2.6703 --
0.9708 3.8528
-- 1.7366
0.2836 3.8864
0.4091 0.7443
1.4057 1.8012
1.1637 --
1.6828 0.9342
3.6828 1.1445
4.6558 3.5760
4.9841 3.5216
4.6454 1.6323
7.6454 4.6323
0.5343 0.7221
4.3191 0.2712
4.3191 4.9211
1.5439 1.2671
0.5370 2.1271
-- 1.4606
0.2501 0.9141
-- 0.3897
2.3026 3.3897
2.3026 3.3897
0.4985 1.4810
-- 0.2409
2.8415 0.2409
2.7557 --
3.3879 2.5253
0.0151 1.8454
0.3262 4.2734
2.0168 1.9870
3.4719 3.1822
0.6320 0.9747
0.6320 0.9747
5.1708 2.7705
2.0711 1.1057
0.0194 3.8851
0.2764 3.2565
2.0060 4.9626
0.5847 0.5460
-- --
3.3389 2.5002
1.2101 4.5187
2.1802 3.1823
2.7734 3.3436
2.7734 3.7674
2.7734 3.7674
0.4690 0.8751
1.6705 6.0747
-- --
4.1652 3.5910
3.2970 --
2.0735 0.1951
6.0735 5.8560
0.4545 2.6270
0.6211 0.5252
0.8466 0.4510
2.6278 0.3067
0.2411 0.3628
4.5752 3.3397
-- --
0.3508 0.3979
1.6103 1.7251
4.5759 1.2043
6.5759 3.2043
1.8672 3.5174
1.7010 3.3889
3.3934 1.7076
2.9304 4.2103
3.2021 2.9155
1.8212 3.9240
-- 1.3641
-- 3.1418
1.3016 0.4416
1.8753 3.4416
2.7287 0.1634
-- 4.8016
-- --
-- --
0.0914 --
-- 2.4225
-- --
1.1636 2.7618
-- --
2.5775 2.1534
-- --
3.4483 1.1641
0.1431 4.4779
-- --
-- 0.1476
4.4134 2.3103
0.1958 --
-- 0.9851
2.3115 3.1737
0.5849 0.1485
0.5902 3.7190
4.7162 --
4.2590 --
1.2747 2.1043
0.7730 1.1909
4.8328 0.6921
1.6911 4.7429
-- --
3.4859 3.6711
2.2605 --
2.1064 1.1222
2.2438 --
4.7412 --
1.6326 4.9839
4.6326 2.9661
0.7419 0.6951
-- 1.1373
2.0966 1.3345
1.6819 1.6803
3.1729 0.2228
0.3437 0.8585
2.8314 3.7567
-- --
2.8023 2.1597
2.8023 3.3760
2.4445 4.6086
-- --
0.9381 0.3193
2.4463 4.6723
2.4463 4.6723
4.6308 0.0388
8.6308 2.6807
12.6308 8.0388
16.6308 12.0388
20.6308 0.5133
20.6308 0.3113
4.5974 --
-- --
-- 2.8374
3.8437 1.8528
3.4650 4.6330
2.1061 4.8961
0.2618 3.8621
4.4738 0.9324
4.4738 0.9324
1.0978 3.9330
3.3032 2.7571
0.0497 4.5492
3.9700 3.9360
4.5615 --
4.5908 6.0508
4.5908 6.0508
3.7173 4.3334
1.5100 0.1781