3.9513 1.2479
4.5490 --
4.8836 2.9786
1.7914 3.7504
0.2174 0.4641
0.2504 1.9606
0.1074 4.9582
3.5919 1.3021
3.3494 2.6720
3.0610 0.4202
4.3902 2.6151
7.3902 0.0297
2.1965 1.5448
2.6667 1.6829
0.1077 1.6829
3.1077 4.9768
3.9657 3.5850
3.3569 2.1144
4.1099 0.7088
0.3338 1.2486
2.1229 4.2692
2.4717 --
0.2656 0.4632
0.7367 4.6682
2.7891 4.8831
0.8963 4.2000
2.2301 0.1663
1.5340 1.1155
-- --
5.5047 3.9713
5.5047 3.9713
4.0041 0.5400
2.4682 4.0118
1.2106 --
1.0306 1.1454
4.8410 0.2498
4.8410 0.2498
0.3772 0.5565
1.4961 4.5642
1.4961 1.0942
0.8139 --
0.8139 2.7282
0.8232 --
-- 1.1011
1.3824 2.1687
-- 2.1464
-- 2.1464
2.4045 --
4.9321 0.3857
1.0677 2.5036
0.4501 0.5266
4.7589 1.9013
1.1046 2.1647
3.6289 0.6217
3.6289 0.6217
0.5154 --
3.8076 0.7697
0.0551 2.7697
-- --
1.0389 2.4504
-- 3.9873
1.5632 4.5612
1.6196 4.3604
0.8068 0.8518
0.2723 2.9516
2.0226 3.7245
-- 2.1286
2.9935 0.9149
-- 3.8183
3.3938 1.9602
2.6523 2.5233
6.6523 6.5233
3.9644 3.9750
7.9644 3.3918
2.7532 4.7086
3.8460 4.7086
2.7148 1.3628
0.8647 3.5142
2.3052 7.5142
0.5170 2.0300
3.8294 0.5221
3.8294 0.5221
4.7887 0.5285
4.8485 2.2468
2.3045 6.2468
3.3787 0.9211
4.7797 1.6079
3.2583 0.8313
6.2583 4.0131
4.0607 0.1660
0.1435 1.9584
4.0467 --
8.0467 2.8061
0.3958 --
2.2822 --
2.5005 3.8585
0.0296 3.8585
-- --
2.4940 0.4306
3.7375 4.3541
4.2843 --
-- 3.1517
4.8003 3.4965
4.8003 1.7536
4.0507 1.4976
2.7355 0.2548
4.5793 3.1172
1.9350 3.1785
4.9350 2.5524
1.5497 4.6012
-- --
2.1092 0.1783
0.6675 1.8388
2.1590 0.8805
4.5541 0.4912
1.4299 1.9760
4.2019 5.9760
4.4673 5.9760
4.4673 1.2796
0.7099 0.8043
-- --
2.1332 2.9765
-- --
0.0813 --
0.0813 --
-- 2.7338
-- 0.6358
2.4838 4.2403
0.9699 0.0080
1.2607 4.3184
4.5892 8.3184
1.2116 0.4113
1.8376 4.6271
3.8404 0.0191
4.9056 4.0191
3.6904 6.0191
0.9271 0.0118
3.7168 1.1465
2.1935 3.2898
0.4484 --
0.6670 3.9053
0.7279 0.6278
-- 2.4172
3.7386 2.4172
1.9385 1.8463
5.9385 5.8463
1.4568 1.4539
3.3946 0.6806
4.8698 2.9686
0.4010 3.2751
0.7927 --
3.4081 0.0153
0.2354 0.6188
-- 0.8080
2.4956 2.8080
3.6987 0.9168
1.1346 1.2867
-- 2.1187
-- 1.2358
-- 2.9946
2.7160 0.5289
4.4262 3.0840
4.8802 3.8838
4.8802 2.2328
4.8802 2.2328
3.8465 4.8195
0.0139 4.4515
-- 4.0494
0.1553 0.5908
2.4916 0.2204
1.3114 4.0496
-- 1.1795
1.9360 3.6248
4.9360 4.6244
0.3974 0.8557
0.0692 0.9911
3.7187 --
4.8320 4.8264
1.5547 --
0.2421 4.2196
0.3185 0.6354
0.2935 0.3789
0.2935 0.3789
4.8811 4.7716
-- --
4.7920 0.8330
0.4741 0.8076
-- 2.3698
0.3791 0.7316
4.9382 0.3303
0.2282 2.2925
0.1534 0.7253
4.2955 1.0516
3.2058 1.8345
5.2058 1.8713
5.2058 4.2930
2.9882 1.5991
4.9882 8.2930
0.2591 0.9736
0.2591 0.9736
4.8178 --
4.2324 2.4808
2.4005 3.7819
-- --
4.5754 2.5205
1.4605 3.5828
3.8905 2.9136
1.0676 4.6378
2.7293 0.5555
4.2217 4.2809
4.4344 --
-- --
4.0689 3.2692
4.4392 1.1161
3.2414 1.7422
6.2414 4.7422
1.8321 3.7182
4.8175 1.1337
-- --
1.5742 --
4.2525 4.6732
-- --
2.6221 2.6416
0.4152 0.3345
-- --
1.6556 2.3612
-- 0.9522
0.5728 0.0138
-- --
3.3943 0.9105
4.5312 2.9046
-- 4.4469
3.7867 3.0083
3.8992 3.0083
0.2564 0.6457
-- --
3.8220 --
0.0351 2.2862
1.8129 4.4813
2.5385 3.5993
0.0399 0.4260
0.0399 1.4927
1.1137 3.7570
3.2215 2.8377
2.7754 3.9672
4.0447 0.5378
0.1526 4.7515
3.3775 4.7515
6.3775 1.6985
0.3238 0.2284
4.8392 0.7524
0.0770 4.6697
0.4009 0.1687
1.1104 3.3528
3.5593 1.9281
2.8522 0.1816
-- --
1.4576 0.8444
2.6694 0.7342
2.5942 0.7342
-- --
-- 2.1239
0.8829 0.5516
3.8829 2.0313
4.9061 3.0499
0.6564 0.1415
-- --
3.6121 --
6.6121 2.8284
2.0868 3.1205
4.9575 2.6134
2.6274 4.5065
4.4268 4.2700
1.8735 1.0694
2.6355 --
0.8725 1.3866
4.6531 3.6615
0.6690 1.2119
1.9455 --
3.8284 0.7774
2.3677 0.7774
3.2476 0.5740
4.0593 2.0340
3.0046 1.6428
0.6531 4.9200
3.8003 0.2385
-- 3.8754
1.5305 3.8374
2.9042 --
2.9042 0.6433
2.9042 1.5120
1.1164 0.3146
4.4162 3.6315
3.6126 1.7116
4.0831 0.1210
3.6365 --
0.5940 3.3862
8.6365 2.5219
1.4032 4.2790
0.4860 1.2018
3.3325 3.1172
-- --
3.3544 0.3674
3.8919 --
3.4012 3.0108
3.4012 3.0108
0.9774 2.3264
2.1981 2.3264
-- 1.9460
2.4037 3.9147
-- 0.9981
4.4382 0.9063
3.6702 2.3755
2.2256 0.5462
0.0173 2.8575
-- 3.1371
4.8887 6.1371
4.8887 1.2090
3.4385 4.4274
3.0913 3.5025
1.2908 4.8439
1.1350 1.7056
2.6317 --
1.9519 4.6145
0.2206 --
2.3254 --
2.8565 1.7184
0.5975 0.7229
4.2516 0.5011
3.5166 0.8998
1.0384 0.2856
1.0384 1.5620
1.3906 1.5620
1.4636 4.4577
1.4636 4.4577
0.2271 0.4070
4.5683 1.7134
2.2563 0.6461
3.1830 1.9498
3.1327 1.9498
1.3100 0.8955
2.8365 2.8655
0.8579 --
1.6506 3.1985
0.1908 3.1361
4.2184 --
0.7641 0.4208
-- 1.1167
3.0934 1.3533
-- 0.8265
3.5585 4.2021
0.0805 2.8447
0.6656 3.9800
3.9515 1.5066
3.0596 0.9268
3.3435 0.6572
-- --
0.0947 --
2.7732 5.1161
2.2755 0.9712
2.0148 0.6515
2.5250 4.5478
1.3697 3.5840
4.8096 1.9457
3.5670 3.3544
4.7905 2.8685
1.9394 0.9340
1.7590 0.7620
0.9175 1.0430
4.2366 4.0430
6.2366 6.0430
3.9009 0.8841
7.9009 4.8841
4.5857 --
4.8004 --
0.0915 0.3028
1.9416 4.8111
3.7322 --
3.3327 0.1287
3.3327 0.1287
1.6886 1.1295
1.3194 5.1295
2.4829 2.3353
-- 1.7881
1.2488 --
1.6835 0.9671
4.4412 4.5364
4.4412 0.5120
2.0019 0.0581
-- --
3.1897 4.7309
3.1897 4.7309
-- --
-- --
0.7293 0.9782
-- 1.5875
2.0721 1.0361
4.0721 3.0361
6.0721 5.0361
3.7103 --
0.1980 0.6758
-- --
5.6982 3.6482
2.8579 4.8006
-- 4.1290
-- 4.7855
0.4356 0.9362
0.1852 4.7575
4.8750 0.4979
1.3419 4.4979
1.4497 4.7773
-- 3.3782
1.2640 4.2606
0.9884 0.6988
-- --
0.1403 4.3980
2.9373 2.9436
4.0368 0.7099
6.0368 3.0177
6.0368 1.1481
4.7281 3.8776
4.7281 3.8776
0.6379 0.3893
4.6379 4.3893
4.6894 3.4245
4.1153 1.6093
0.2911 0.2535
0.0841 0.3101
2.8964 4.2991
3.0579 2.0832
-- --
0.2516 1.7333
0.3509 4.8898
1.9116 4.2871
4.9116 2.3390
0.2639 2.0709
-- --
2.7001 3.8311
6.7001 4.2406
-- --
4.4468 3.8081
1.9377 0.3680
0.7843 3.1965
1.5006 3.1654
-- 0.0841
1.8442 2.1033
-- --
-- --
0.5710 0.1323
1.1762 1.9366
3.1762 3.9366
1.5601 1.6855
2.9237 --
3.4364 3.7045
3.7364 0.1030
3.0081 4.0281
0.3112 0.4792
3.3396 3.5483
0.2582 1.2272
0.9320 3.8749
3.1408 0.6791
5.1408 4.9349
2.2148 0.0148
-- --
-- 2.8885
2.6590 1.1448
0.2543 2.3896
2.2543 4.3896
-- 3.9233
3.2753 0.4557
-- 0.1372
2.7142 1.3812
4.6361 2.8532
1.7112 2.9265
4.7112 5.9265
8.7112 9.9265
4.8853 4.4402
0.0249 0.6790
-- --
0.5074 4.3292
2.4515 --
0.1276 3.4575
2.2105 4.9852
6.2105 3.3541
3.9389 --
2.4592 --
0.1037 0.7269
0.1037 4.7809
2.8162 0.8226
0.7544 4.9071
2.5724 2.8235
1.1675 2.8235
2.5870 1.8483
0.5529 1.2665
4.1888 0.7449
1.6972 --
2.1620 --
4.7571 1.9018
4.4056 4.9739
-- --
0.7722 3.8788
-- --
4.8338 4.7158
-- 0.5651
0.2678 0.3499
2.1824 4.3228
1.9185 6.3228
3.8000 0.5164
4.2139 0.7864
-- 2.2315
4.1397 4.4018
0.3007 4.5170
2.0522 4.0951
4.5579 3.2667
0.5121 1.8931
5.1195 3.1324
1.1405 0.0302
1.5374 3.3984
2.1539 2.2528
0.7833 4.9792
-- --
3.4709 0.6567
3.2738 1.5848
4.2436 1.5848
2.4131 0.1409
0.9759 1.0391
0.3113 4.9434
0.3113 4.5727
4.1302 4.1753
4.3568 3.5380
-- --
-- --
1.2696 3.4613
0.7318 3.3798
1.4763 0.3567
-- 0.0116
-- 4.9516
2.8337 2.7907
3.5110 2.3448
1.5257 2.3749
1.0098 2.8092
0.3913 0.9901
2.2149 3.1546
0.5117 3.4034
0.8948 1.4861
2.0868 5.4861
4.3239 3.1265
7.3239 1.7574
2.8661 1.0331
3.7985 0.0840
0.2758 2.7694
2.2758 4.7694
6.2758 0.0132
1.2442 3.4028
0.1481 0.2051
-- --
-- 1.9384
0.2718 1.9384
2.2718 2.0599
0.9793 2.7229
1.7984 0.8427
-- --
-- 0.6125
1.4425 0.5441
2.0618 3.6597
0.0879 0.5815
-- 1.3792
-- 1.5071
4.2701 0.1671
0.1563 0.8466
4.6993 0.1348
-- --
3.6472 0.8387
2.6248 1.1406
2.6248 3.1429
3.6171 3.1429
7.6171 3.4572
4.6263 4.7559
0.3142 3.5863
3.4458 2.8734
-- 2.8081
4.2944 2.6212
1.7351 --
3.6547 4.2833
4.6289 1.5604
4.3177 0.8594
-- 2.6009
1.8393 0.9016
-- 0.8346
3.5581 2.8346
4.5529 2.5990
1.0036 2.1357
0.0222 3.6654
2.1812 4.7039
4.7754 0.1245
4.7754 0.1245
1.9545 3.0097
-- --
-- 3.4692
-- --
4.5614 0.3494
1.5615 2.0685
3.7601 0.5024
2.9012 0.6603
0.2087 1.6980
3.2599 2.3854
3.1416 0.8255
1.9879 1.3625
4.3312 1.3625
4.8982 --
0.0131 4.0540
0.0131 4.0540
2.9246 3.5952
2.7594 1.9663
0.8885 0.2775
0.8885 3.9690
0.7058 5.9690
0.7058 1.6047
2.8260 1.9619
2.8260 1.9619
1.3650 0.8181
0.1778 1.6591
4.4588 1.0666
2.9325 1.0666
0.7726 0.6140
0.8610 0.4296
0.8062 1.4522
3.9544 --
1.7374 0.4771
3.9295 2.5360
4.5585 0.5819
1.4554 2.4628
1.6552 0.8432
3.3444 --
0.5514 2.0289
-- 2.9763
0.5901 3.2109
0.5901 3.2109
3.4597 2.3480
2.6417 --
2.4583 2.0362
2.0863 3.4184
3.4478 0.8320
3.7333 1.1862
2.4773 2.0898
2.2375 0.0534
4.4787 1.5117
4.5280 2.8468
1.3604 3.6604
0.0666 4.5774
7.0146 7.5774
4.8346 1.7468
0.3152 --
0.6748 2.5739
2.8536 4.5739
2.1566 1.3532
3.9321 1.3532
4.8667 3.3802
2.1937 4.7637
0.2033 4.7637
-- --
0.6097 0.3461
4.1938 2.5484
3.1203 3.1325
3.1203 1.1361
2.7344 1.1361
2.9674 4.6995
0.5841 4.4804
0.1821 0.0710
1.7869 0.8490
1.7490 1.9035
1.7490 4.8738
4.5009 --
2.8404 --
0.8460 0.7699
4.9961 1.3649
4.2375 1.8755
1.7251 1.8755
3.0960 3.7836
4.9993 2.4977
1.3253 1.2471
1.2566 2.8800
5.2566 6.8800
5.2566 3.8235
2.2979 3.3300
0.8950 1.9398
1.5941 2.3969
4.7198 4.8516
0.4562 0.9844
1.6208 0.9844
1.7002 4.9922
2.4024 2.3905
-- 1.2934
3.2836 4.8109
4.8322 2.6966
-- 2.4659
-- --
-- --
1.6653 0.8751
2.0350 0.9292
-- --
6.8600 1.3080
1.0513 2.4777
-- --
3.8355 1.1164
4.4611 4.6612
1.0506 3.4785
-- 3.3705
1.3495 0.8296
0.8197 4.4436
0.8466 3.4525
2.8276 4.5131
0.3268 4.9466
3.8609 2.8947
3.8184 3.0825
3.4135 --
3.1293 4.4200
3.1293 0.7064
2.8289 4.7064
3.9826 4.7883
-- 4.2329
5.2562 1.0300
3.9135 1.4820
3.6845 2.3896
3.6845 2.3896
3.6845 2.3896
4.9787 1.3094
0.7549 1.3094
0.7549 1.3094
2.1408 0.5231
3.9024 2.5231
2.0132 0.3165
1.0964 1.3544
3.6348 0.1390
-- 0.9341
4.5394 4.5503
2.8414 3.9419
3.7956 --
2.0685 3.9884
1.5502 2.4853
3.5894 3.1545
1.5012 1.7101
1.5395 3.0349
5.5395 7.0349
-- --
-- 4.0304
2.3901 4.0304
0.6435 0.3146
1.2204 --
3.8559 3.0958
3.8130 3.6118
3.2730 0.0395
-- --
1.9346 0.4693
1.6088 4.3915
0.3704 1.1380
3.2026 3.1380
1.1116 2.3391
4.5171 --
2.2892 --
-- --
2.0727 0.0931
1.2214 2.2991
1.8087 0.8947
3.6162 --
4.1494 0.0349
-- 2.3215
2.4658 3.7439
0.9328 4.0477
4.9573 2.5665
3.3991 0.1684
6.3991 3.1684
4.6467 3.1684
0.7689 3.1684
-- --
1.6419 2.0955
-- --
4.1345 --
2.3820 4.4345
-- 0.3175
2.2384 1.4164
3.3396 0.1078
-- 0.7176
7.6037 2.3097
1.1090 3.9136
2.1209 2.0867
1.0703 4.0867
3.5129 --
3.1626 3.3880
-- --
0.2187 1.4466
2.0999 0.7606
2.3720 0.8142
3.1622 0.2169
1.1537 2.7134
1.2546 0.9214
2.5692 --
6.5692 4.1196
3.1300 2.2534
3.1300 3.9082
0.5081 0.6950
2.9069 2.8717
0.3499 4.9824
3.8848 1.1969
3.8848 4.0653
1.8354 1.5161
2.1100 1.5161
4.8136 0.6163
2.6454 3.0440
3.8276 0.5771
2.1759 2.2298
5.1759 5.2298
0.3963 2.3060
3.1481 0.5486
-- --
0.1070 2.3618
0.1025 --
-- 3.2552
-- 3.2552
-- --
3.4345 2.6056
3.7351 0.8985
2.8713 2.6936
2.5894 4.7062
0.0907 4.8898
0.7821 0.0381
0.0794 --
4.1487 4.1452
2.9718 1.9063
2.4009 3.9171
1.7308 2.9251
-- 3.5808
3.0350 1.9895
0.3285 0.7817
0.4381 --
0.3540 0.0927
0.5581 2.3115
-- --
1.9671 4.1877
4.4748 0.4729
4.6142 1.3970
7.6142 4.3970
1.2182 2.4426
1.2182 4.2242
1.0874 --
1.4730 2.6021
0.9352 3.3396
-- --
-- --
2.3988 6.4382
2.1610 3.5491
2.7030 --
3.1973 0.6816
3.1641 3.7568
4.0005 2.7869
1.1789 3.1292
1.1916 2.5161
0.1777 5.5161
-- 1.0264
-- 1.5248
0.1350 2.8213
4.5891 3.0730
4.5891 3.0730
-- 2.8479
-- 1.5003
3.2962 0.8431
4.2004 1.1172
0.3356 2.5941
2.0438 0.3810
-- --
-- --
-- --
-- --
3.0200 3.4197
-- 1.5134
3.8908 1.7586
0.6350 0.7430
4.7455 0.0558
3.3223 0.6416
4.3353 4.9571
4.3353 2.0198
4.8652 4.0336
4.8652 4.0336
3.0602 7.5913
3.4588 1.4903
-- --
-- --
4.7024 1.1695
3.1011 --
7.1011 8.1795
1.7655 0.5769
4.7655 3.8398
2.3197 3.8398
-- --
2.0006 0.5171
0.5316 2.2743
4.5607 2.8274
3.3503 4.4005
1.0528 4.4005
1.8073 --
3.3370 2.2799
1.9053 0.1041
4.2517 2.5934
4.4831 --
3.3617 3.9692
3.3617 3.9692
-- --
1.1415 2.0042
1.3899 4.4211
4.8749 1.0436
4.5798 1.0436
8.5798 7.7135
4.9104 3.5102
4.9795 --
-- --
-- 2.5973
7.3519 5.5973
7.3519 5.5973
4.3105 5.4577
3.5207 0.0879
4.1316 4.0375
-- 3.4433
0.7069 0.1030
2.6670 --
2.6670 1.9089
3.2293 0.6950
3.4754 3.0500
-- 0.0826
4.1523 3.1988
2.7910 1.5271
2.1308 3.4954
5.1308 0.2974
1.5429 2.5143
1.7931 3.5356
0.9688 1.7258
0.3023 1.7079
0.8783 5.7079
2.2298 3.5631
1.5730 2.5746
3.8048 4.7019
4.9998 3.5677
1.2284 3.6161
-- 2.2954
4.6074 1.6245
4.6074 0.7179
0.2380 0.2659
0.6923 3.9594
4.6600 0.1736
4.9630 3.9960
6.9630 1.3306
0.9721 1.9212
2.6576 2.8369
3.8204 2.4637
0.5079 3.3740
0.0765 3.3740
4.1286 4.5107
-- 1.8224
0.8134 3.9566
4.9028 3.9566
4.9028 4.8587
4.1457 2.7219
7.1457 5.7219
7.1457 3.2333
3.6746 3.7264
4.0743 1.8273
0.3655 2.2526
0.9687 0.0474
4.9126 2.3180
4.7939 1.9063
0.7298 1.3947
3.8703 2.2822
0.1096 3.9047
3.0773 2.2059
1.8564 5.2059
2.3959 4.7650
1.8475 1.8468
-- --
4.8898 0.8790
0.3012 3.8363
0.3012 3.8363
1.8822 2.7837
1.8822 2.7837
1.8822 3.2314
1.1403 4.3118
3.9064 4.0870
2.2630 7.0870
10.9064 0.9843
14.9064 4.1737
17.9064 2.0738
4.2586 2.1320
6.2586 3.3052
2.8844 2.8897
-- --
2.2487 4.9632
4.6999 3.4385
2.1485 3.2070
-- 4.0177
4.9102 2.9126
4.9107 2.6376
0.1207 3.0170
4.2319 0.8950
0.6118 0.9435
-- --
2.9861 --
-- 4.7552
0.3953 4.0707
1.7063 2.3037
1.2981 1.4017
-- 2.8563
-- 0.0546
2.3995 2.8065
-- --
-- --
2.4522 3.6218
2.4522 1.8715
1.8920 2.1268
3.4205 --
1.3795 0.1160
1.4065 --
0.6260 1.2193
2.5923 2.7675
6.5923 6.7675
-- 2.2011
3.2697 2.8782
0.8219 1.0639
0.9803 --
4.7343 0.9860
4.7343 0.9860
-- 1.8149
0.6115 1.1663
0.6115 1.1663
0.6115 1.1663
2.5633 1.1663
4.5267 1.7423
7.5267 2.0672
4.0099 2.0672
2.7252 --
2.7252 2.3318
0.4526 4.2962
0.4526 4.2962
3.1780 5.0151
0.8746 0.3881
2.3767 4.4136
3.5491 4.7453
4.9298 7.7453
-- 4.4322
-- --
4.3101 1.4410
-- 4.5484
3.0286 4.3193
3.6833 3.8364
0.8247 0.0962
0.8247 1.0648
3.1948 4.0053
4.8470 1.2129
4.0220 1.1352
0.8458 4.3110
1.5774 8.3110
0.7885 0.4128
0.9396 0.9392
-- --
-- --
3.0326 1.5238
3.0326 1.5238
3.0408 2.1698
3.5623 1.7744
7.5623 0.1327
10.5623 0.1709
0.1206 12.7744
17.5623 1.2098
3.7269 0.3841
4.4114 4.2112
2.2870 1.6941
4.0314 3.6941
2.9253 --
4.0932 0.2663
0.0954 3.2309
2.0479 --
2.0479 1.8047
2.0479 1.5818
2.6984 2.1862
2.6984 2.1862
1.4252 4.7841
4.8962 2.6389
4.9788 2.8475
0.1225 0.4551
0.0778 4.6811
0.0227 4.8515
0.0227 4.8515
1.9819 4.3752
-- --
0.0732 3.0391
4.1939 3.0391
1.6893 0.4594
3.5716 2.6438
1.0680 3.1707
0.0168 0.3324
-- 1.9478
1.4782 3.9299
0.9816 0.4367
1.4767 8.7000
6.5191 0.5182
3.1125 3.7573
3.1125 3.7573
0.0865 0.2678
3.7860 4.5622
1.1263 1.0653
1.1263 1.0653
3.4359 0.5698
0.0814 2.7144
3.0503 2.7144
0.5594 0.2635
0.1280 1.7007
2.1280 2.8244
1.2976 2.0252
0.6478 1.5326
0.6478 1.4982
0.9849 4.1074
0.4698 4.1074
3.1438 1.7429
3.1438 2.1638
3.7760 4.0580
1.1298 4.4131
-- 3.2174
0.3794 0.8891
4.5024 1.6061
0.1165 2.2634
1.2230 0.9637
5.2230 1.4027
2.0521 3.6192
4.0777 3.0850
0.1829 3.0850
-- --
1.4258 5.6993
4.9856 1.4876
0.9964 4.0158
3.3911 2.8981
2.4488 0.2805
4.9922 2.4831
-- --
0.6446 4.1592
3.1243 1.1372
-- --
3.2981 0.1345
4.9290 3.4956
3.8848 0.0589
3.0640 1.6185
4.0220 4.6369
0.5674 2.6254
0.4734 2.2431
2.8753 2.9039
0.7467 0.3734
1.0724 4.1170
2.8970 0.9920
0.7675 2.4744
0.7675 1.2396
1.7489 0.9872
0.5218 4.9504
-- 0.8417
-- 0.8417
2.4808 --
1.7259 --
2.5590 3.5173
0.3520 0.0495
2.1644 4.7148
2.4377 0.2843
1.2216 2.1988
2.9697 0.6318
2.9697 0.6318
3.2977 1.7144
0.0748 4.8584
0.9578 2.5288
0.5631 4.5443
2.5847 3.7108
4.5847 5.7108
4.5847 4.4863
-- 4.9921
-- 1.3137
0.1454 0.9005
-- --
2.8650 --
0.1750 --
0.1750 --
1.4287 0.7211
0.4983 1.0463
4.0574 0.8092
8.0574 0.0025
1.3514 4.5616
0.0651 4.5616
0.0651 4.5616
3.4963 0.7048
0.0698 1.1085
-- --
1.0585 --
4.5338 3.8191
0.7225 3.5397
0.7225 3.5397
4.2327 3.5397
-- --
4.0202 --
0.8461 1.2828
3.8028 2.6552
0.8837 1.3767
0.5998 1.4763
0.5998 1.5596
4.6619 4.4624
2.2267 4.4539
1.5702 3.6502
0.2305 3.4164
3.2402 2.4395
3.7243 4.7222
0.1073 2.5308
2.7126 --
1.0713 2.4976
-- --
0.6867 1.2112
0.6867 1.2112
2.3116 2.8710
3.3382 0.8199
3.2859 3.4638
0.6186 4.7278
0.3835 0.3225
1.6526 2.3688
1.1862 --
2.7233 0.1565
4.7035 --
3.0599 0.3831
1.4179 0.3831
3.6556 3.8166
2.6184 1.1229
4.0971 1.0475
1.7409 4.3314
1.8272 2.9921
2.2925 2.1314
0.7565 3.2097
3.7619 2.7020
4.8256 2.0288
0.0767 4.7333
2.5707 --
0.8349 0.2136
-- 2.3834
2.9752 0.2995
-- --
2.2440 0.0020
0.7640 0.9878
2.5853 0.1301
0.1123 2.9445
1.1566 2.9445
0.4742 0.1471
0.1370 0.1255
2.5457 0.5470
1.4202 --
4.3868 --
2.7671 4.9989
4.8395 0.0946
-- 4.9520
-- --
-- 4.4036
1.2123 3.8343
3.6406 1.9142
5.6406 3.9142
4.9139 4.8255
0.9140 3.2045
1.5229 4.8184
4.6719 3.0200
2.9956 1.8610
2.8969 0.6003
2.1214 0.9779
2.5474 2.0619
1.4016 4.2367
3.7258 3.8364
-- --
1.6231 0.6040
-- 2.7249
2.7143 --
-- 0.8094
-- 1.7294
3.1510 4.9280
3.7229 2.3909
1.5021 4.9211
1.5021 3.6953
4.5975 1.2446
1.2547 1.2429
0.9845 1.0640
4.5893 4.4312
1.5856 3.2045
-- --
0.7625 --
-- 2.5403
0.3393 4.5403
7.0810 4.3218
1.3532 3.9980
1.1674 0.0223
2.1771 4.8692
1.6444 0.7483
4.1733 4.8670
0.2230 0.0176
2.7364 2.0180
1.5331 4.5483
4.5331 7.5483
1.1947 1.2851
1.1947 1.2851
-- --
-- 2.0262
0.0454 0.8746
3.8074 2.0884
4.3270 1.2877
3.2471 0.2970
1.5717 1.0397
-- 3.9755
-- 3.9755
4.4629 4.6981
4.4629 4.6981
2.4187 2.0683
5.4187 5.0683
2.6282 3.1280
3.6068 1.3287
2.0702 0.9842
3.3377 --
4.0969 0.9394
0.2501 0.7793
0.3604 0.6135
0.7593 3.9472
4.9755 --
1.8307 2.9474
0.1299 2.9026
-- --
2.5391 1.3105
2.2730 2.3085
4.2730 0.9179
7.2730 7.3085
3.0564 1.0437
4.3001 --
0.9299 4.9601
3.2875 3.6119
1.8495 4.8171
1.8495 4.8171
0.7794 2.7262
2.7794 4.7262
3.7662 0.3729
-- --
-- 4.9023
3.5439 1.9995
4.8775 3.3774
3.4817 0.6972
2.9695 0.6934
1.0937 0.3301
1.8929 2.3301
4.8665 0.2130
2.3565 0.5028
3.4434 0.7589
3.4434 0.7589
2.6891 1.3538
2.7560 2.8548
4.2349 4.8548
2.3572 0.6326
0.3608 4.6506
2.5074 1.1849
1.3820 2.6513
4.6110 2.6513
4.0928 3.8847
4.4662 3.8847
1.8011 3.2286
-- --
-- 4.3644
0.8908 4.1053
0.2331 4.9587
1.4826 --
3.2031 3.6163
1.0579 4.6945
0.2308 4.3354
1.3121 1.5235
2.8096 --
0.5619 0.5747
1.2629 0.4386
0.7241 1.1296
0.6305 4.0356
1.9528 4.0356
4.9528 2.6755
0.0219 0.4897
3.7994 1.8325
3.7025 0.7367
3.8604 4.5270
4.6822 2.3819
1.2273 4.9854
0.1132 1.3854
0.2929 --
0.9345 0.2210
4.6956 3.7165
4.9187 3.6148
4.5697 4.0913
2.0518 2.8512
-- --
2.4146 2.2707
3.3946 3.3358
2.5949 3.3358
2.5066 2.9858
0.4093 0.5212
0.4253 0.8507
1.5696 0.8507
1.4358 3.3098
0.8176 0.4590
2.9369 0.2134
0.8664 2.3646
0.7566 0.2029
3.5159 --
3.7944 4.1426
4.3600 --
0.8707 3.6262
2.0730 3.4290
2.1979 3.1003
0.3078 0.1331
1.0742 1.1234
-- --
4.9991 0.9335
3.0858 1.9991
-- --
3.5110 4.9356
-- 1.4162
2.0809 4.0875
-- --
4.7799 --
0.3451 2.1871
0.4405 3.6099
2.1184 3.9131
2.1184 1.5722
4.6503 5.5722
4.9280 4.9160
8.9280 8.9160
3.9518 10.9160
3.7134 1.0709
4.9367 --
3.0584 3.3338
-- 0.4950
0.2194 0.4950
2.4960 0.9692
0.9576 0.5486
0.4856 3.6199
3.9138 3.1091
3.5440 --
3.6122 --
2.7324 1.0920
0.9611 0.2033
4.0535 3.9442
4.0535 3.9442
3.8944 4.0659
3.8944 2.7223
0.0270 --
2.5920 4.0871
-- --
-- 0.7648
4.5081 3.7195
8.5081 2.7463
3.2005 3.3908
3.9506 1.3167
2.3191 3.5041
-- --
4.6315 2.8800
-- --
1.7099 3.9835
4.1982 2.8771
1.5387 0.0083
-- --
-- 1.2075
-- --
2.5238 0.8558
6.5238 4.8558
4.2305 1.9543
-- 3.2846
1.4918 4.7504
0.9450 2.6099
-- --
2.0050 --
1.8001 4.1236
1.2359 4.9219
-- 2.6051
1.5249 3.0497
-- --
3.8193 0.6770
3.8193 0.6770
3.8927 3.5937
0.6946 4.2511
-- 1.2760
2.3750 1.9248
0.9755 0.5545
4.1905 4.3880
-- --
2.5474 --
2.5438 0.2189
5.5438 2.3560
-- 3.8275
0.8007 0.0984
1.5377 2.5854
0.6253 0.5005
0.6253 0.5005
2.5407 2.9915
4.7503 2.9981
1.5147 3.3413
0.9294 2.7620
0.4054 4.7447
-- --
2.4742 --
4.3766 2.6786
0.1352 4.7046
0.4103 0.8402
3.9421 0.5781
3.9084 3.7003
7.9084 7.7003
9.9084 9.7003
12.9084 0.7041
3.0881 1.6942
3.7590 3.2723
3.4274 3.1691
2.3821 --
6.3821 4.7602
0.9258 4.7602
-- --
3.3603 0.1286
2.1867 1.3905
1.5925 1.3905
2.9243 4.5271
0.1862 3.1817
-- --
3.0572 3.2618
0.0882 0.0726
1.9672 0.6439
3.2971 2.2970
3.2971 0.7973
3.5632 --
2.0967 2.8664
4.8618 2.1445
0.4110 4.3890
1.1222 4.2624
0.3695 2.1623
4.1174 0.7901
4.1174 0.7901
3.1170 4.9211
0.7988 0.3737
0.3955 0.5141
1.4302 0.8530
4.4302 4.5947
4.4302 4.5947
4.4302 4.5947
0.8642 3.4518
0.8224 3.5822
2.9240 --
2.0635 3.6190
3.7710 1.1502
0.7362 4.9558
0.7559 3.0508
4.4815 4.3656
3.6469 2.1009
-- --
0.1694 0.5965
1.0522 0.7119
4.0757 0.7119
4.9201 0.1761
4.9962 3.0709
1.4660 1.0565
-- --
0.2690 1.6190
1.9861 4.1410
3.0762 8.1410
4.2724 1.6470
2.9057 --
3.7988 --
2.5049 2.3947
0.5556 0.7119
0.4433 0.6134
-- 3.1587
4.0549 4.8111
4.0364 3.5258
0.4626 --
3.1173 1.7265
2.0211 2.0992
4.0538 0.1551
2.9280 1.4211
2.6640 --
0.7550 1.3531
2.3013 2.6835
1.1253 2.3417
0.0087 2.1861
2.0087 2.7895
3.5916 4.6272
4.2089 2.3621
1.6381 4.3621
2.8320 2.4376
2.2137 0.1375
3.0521 1.1257
-- 2.7713
0.7727 4.6275
3.5167 4.8730
1.0956 4.6438
3.1603 3.8228
7.1603 7.8228
7.1603 7.8228
2.6968 --
2.8820 4.2022
2.6933 3.9269
3.6770 3.0293
2.8204 3.3257
2.9210 4.1788
4.0768 0.6115
2.6815 2.2932
-- --
7.5359 3.1973
9.5359 5.1973
0.2423 3.2668
-- 4.4363
1.9142 0.7504
2.1993 1.7386
0.5920 3.2576
4.2065 4.1403
1.2939 4.1403
0.9347 0.8692
3.0707 4.7056
3.0707 1.8239
4.6363 4.3249
4.6363 3.9020
1.7615 3.1916
2.0316 4.5350
3.2875 --
0.3259 0.5743
1.1483 1.0161
1.9853 0.9636
3.9583 1.7367
1.9433 0.5819
0.8132 0.9071
0.5388 0.2503
2.8099 4.7982
3.9675 0.0522
2.2755 0.0522
2.8737 0.2477
2.6362 2.7938
1.4101 1.8156
4.4687 4.9709
1.7044 7.9709
4.3088 --
4.3164 4.6355
6.3164 0.3625
1.1498 4.3389
5.1498 4.4294
0.0638 --
3.0638 6.0478
4.0371 0.6126
3.5690 4.7858
2.6342 1.6017
2.6342 1.6017
0.1808 0.9305
0.7518 2.0946
1.9171 --
1.8688 4.2473
-- --
-- 1.7981
-- 3.7352
4.2989 3.0290
0.8684 2.7783
1.9873 2.7783
0.8349 0.0384
2.7192 4.1535
-- --
4.5944 4.0740
2.2912 2.6089
-- 1.9834
-- --
3.7309 3.6499
3.7309 4.4877
3.7309 4.6515
4.8053 7.6515
2.2757 0.7316
5.2757 1.4937
3.4557 1.3818
3.8437 4.5183
0.5186 1.6917
0.6229 4.6658
4.0067 --
3.9657 --
3.5058 3.4800
-- 3.9141
3.7624 2.5831
-- --
4.1184 3.5232
2.1419 3.9237
-- --
4.8887 --
2.2954 --
1.4100 0.4713
1.4100 3.6331
4.3971 2.0484
1.4852 2.0012
0.3187 5.0012
3.8394 3.8050
0.0034 0.8245
2.9389 2.2018
-- --
4.3636 0.2773
2.3222 4.2771
2.6355 3.4237
3.3398 1.0011
3.5993 3.2714
4.1572 3.2714
1.7327 2.2126
1.7327 2.2126
4.6383 2.0412
0.0392 0.6140
0.5684 0.0613
4.4863 2.2073
4.4863 3.4994
4.4863 3.4994
2.6919 2.6324
3.1143 0.9212
2.8983 0.2424
1.4633 4.5146
3.1853 4.5146
-- --
2.0928 3.4142
-- 3.4686
-- 3.4686
0.0931 1.8433
-- --
4.0178 2.6566
0.5448 1.8593
1.3219 2.1352
4.5245 2.1352
-- 4.1685
0.4442 1.0515
2.9482 1.1746
0.4711 0.3626
2.4562 1.0732
4.4975 3.6593
-- --
-- --
1.9292 --
4.4752 0.2375
0.2948 0.6354
0.2948 3.6840
2.1167 4.5426
1.0041 2.0588
0.1145 3.7498
0.8557 1.0099
3.7017 2.0081
1.8100 4.3369
4.1319 4.7756
3.7618 3.5409
-- --
-- --
0.7077 0.7063
-- 4.7821
4.0928 2.3281
1.6187 2.0805
3.8243 1.7746
2.6201 4.2475
3.0441 0.1635
-- 4.4110
3.5223 0.8334
1.7182 2.8334
8.5223 5.8334
1.6258 3.9424
4.0735 3.9424
3.7992 2.8255
3.0525 0.9381
2.2621 3.5212
0.1265 4.3688
2.6653 4.9639
1.4386 3.8252
0.4242 0.0888
1.4583 4.1815
4.4810 0.0860
4.4810 0.0860
1.1597 3.3304
0.1255 3.4172
3.1443 1.9756
3.4702 2.8816
3.4702 2.8816
-- 1.9437
-- 2.4275
-- 0.0586
0.5772 2.7835
1.4481 4.7870
1.0766 0.3761
4.1361 0.4141
2.6568 0.6967
0.0395 2.6967
3.9626 0.0343
0.2550 0.6669
0.8985 --
-- 3.2887
-- 3.2887
0.3116 --
0.7097 --
0.2068 2.7769
4.3117 1.8077
4.9670 3.2309
3.0723 2.6615
3.5376 0.1191
3.5376 2.1231
4.5454 4.8069
2.5106 8.8069
0.3455 3.7504
1.1416 2.3198
1.9333 --
-- 0.8590
4.3549 1.6580
-- 1.3703
4.7374 2.2408
6.7374 4.2308
0.6566 2.3393
1.6058 1.5460
0.7031 0.7119
2.3997 2.2882
2.3997 2.2882
6.8943 0.6880
3.0775 --
1.8849 --
3.6830 --
3.6830 --
4.6470 6.5335
1.7894 2.6536
0.7941 3.4017
3.0296 4.1772
3.6011 3.5661
2.1651 1.5378
1.3265 1.2396
4.5049 1.4504
-- 4.0040
4.8691 0.1750
1.3135 0.1750
0.4685 0.3182
4.3534 --
-- --
6.0767 5.4882
0.3387 3.2636
1.2356 3.5673
4.2769 2.0754
0.4308 4.1162
2.6199 4.1162
4.4626 0.5023
4.4626 0.5023
2.9578 0.5023
1.5197 1.7887
2.0886 0.1321
3.2184 0.1321
2.5902 3.9302
1.2734 1.9056
0.6352 4.2768
0.1649 3.5047
3.5946 0.8056
0.5590 --
0.5590 --
0.4277 3.0821
0.4277 3.0109
5.9950 2.3966
3.8411 9.0109
2.6461 --
2.6661 4.1858
2.0453 4.8546
3.0600 --
1.1638 6.5178
2.8081 --
0.7073 0.7175
0.9789 1.9781
3.5417 --
3.9148 2.8680
4.3011 4.9323
2.6401 4.5209
1.0454 3.5372
1.0934 3.6255
1.7786 3.2189
3.8080 1.0694
4.9989 2.8838
1.4929 --
1.4929 --
1.7377 0.3235
-- --
3.8765 0.3801
3.6178 4.5828
1.3033 2.0588
-- --
-- --
-- --
2.9410 --
0.6848 4.6007
4.5362 2.8762
0.6645 2.2176
2.4622 4.6512
1.1468 0.9497
2.0968 2.2042
-- 0.1684
-- 4.0211
4.2889 3.8565
1.9844 0.2859
0.5601 2.9279
3.5458 --
1.9347 2.2252
-- --
-- 2.0086
0.5525 4.0307
-- 2.4556
0.0785 0.3206
2.0750 1.3052
2.9527 4.8922
1.1697 4.8922
-- --
3.6519 4.4404
4.6967 1.6532
2.6483 4.6532
2.8936 2.9883
3.5011 0.5899
1.1937 4.8849
-- --
1.3005 1.6999
2.1550 1.4698
-- 2.7548
4.1623 --
2.0330 4.8640
1.1588 --
2.1243 1.2382
4.2129 4.4835
4.1114 2.7026
2.3389 --
2.3389 --
2.0670 6.1745
7.0926 8.1745
2.4326 0.8093
6.4326 3.8813
0.6173 3.3949
3.7128 0.3120
2.0993 0.3916
4.3825 --
2.8062 0.7640
2.0499 4.7640
0.9543 2.1782
1.3179 1.1035
4.3179 4.1035
7.3179 1.1473
2.2949 1.5966
5.2949 4.5966
-- --
-- 2.2140
1.7217 6.2140
8.8538 10.2140
2.6800 3.5950
2.9311 3.8476
1.3771 3.2646
1.3766 1.9881
2.2629 3.3577
0.5219 5.3577
4.6679 1.4507
3.1620 0.1925
3.1620 0.1925
-- 3.4218
4.8504 0.7556
2.2159 0.3675
2.2159 0.3675
3.7417 0.1632
1.9930 3.6346
2.1958 1.3852
5.1958 4.3852
2.1829 4.3852
1.5586 0.2429
0.7254 3.3957
1.7069 4.8752
0.7953 3.6972
3.8714 4.8586
3.3631 2.1104
4.9952 2.5866
1.5988 --
0.1731 4.7395
1.8094 3.4877
3.5661 1.0504
7.5661 2.4204
2.5605 4.7708
4.7615 2.8995
3.7803 2.8995
2.0451 0.5432
2.0451 3.0373
4.4586 3.0373
1.6777 4.7092
0.9391 4.0373
4.0403 1.1976
1.7532 4.1976
1.4936 3.6629
2.7842 2.6718
0.2265 4.4701
3.2265 7.4701
4.9221 4.7637
7.9221 7.7637
3.5559 0.7006
-- 1.0111
0.4168 4.2066
2.7689 4.2066
1.8449 5.3240
1.4414 2.1366
0.3867 0.2861
3.3867 0.4897
0.3266 3.6966
0.3266 3.6966
1.0604 --
4.2866 2.9714
8.2866 6.9714
4.7674 9.9714
1.4392 4.5197
3.8646 --
4.8130 2.7109
4.7266 0.0635
4.7266 0.0635
1.0034 0.1465
0.0133 0.0903
4.9008 4.9881
1.9348 3.5009
-- 4.6811
3.1737 --
6.1737 3.0937
0.2553 3.4669
3.2553 4.6589
1.5813 3.9917
3.4437 0.0124
3.4437 3.0996
2.8085 3.0996
0.6398 3.5122
2.7963 4.2774
1.4185 4.4382
0.2447 3.5237
2.2544 3.4025
4.3335 3.8528
0.9433 3.2018
2.2614 3.9448
3.4924 0.9129
-- 4.1225
1.0188 3.9217
0.8570 --
0.5612 2.8857
1.4414 4.4972
3.2657 1.2729
1.0608 1.3729
1.0608 1.3729
0.7069 3.5581
3.7069 6.5581
3.9122 1.5627
3.4400 --
1.1372 3.3488
1.6906 4.1697
0.4708 0.0601
0.2740 3.3486
0.2740 4.2284
2.7195 3.8741
6.7195 7.8741
2.0103 1.9758
5.0103 4.9758
2.2590 2.8901
4.6905 0.3945
7.6905 3.3945
4.1068 0.2266
-- 3.9138
-- --
4.8119 2.3779
1.0352 2.3779
5.0352 3.4173
4.9396 0.1136
4.3248 0.1136
1.8882 1.3083
2.8834 1.4003
3.6020 1.0318
3.6205 3.4614
2.2429 4.0280
3.0428 3.1032
-- 4.4011
2.3809 --
-- --
3.1601 0.3583
4.7202 0.6512
3.0322 1.0770
-- --
1.1006 3.2139
0.5294 3.9685
-- 2.8890
3.0219 0.1599
1.6003 0.7311
0.7301 0.0217
4.2969 4.7194
3.1572 3.5694
1.3605 3.5694
5.3605 2.3848
0.0188 4.7219
0.0188 4.7219
-- --
0.1052 0.0563
4.8244 0.0052
4.1842 4.1254
7.1842 1.0520
3.3090 3.6072
4.6167 2.2155
1.9153 1.2594
3.2631 --
2.5346 5.8502
-- 1.7639
5.8904 5.7639
-- 0.6625
3.2572 3.6625
-- --
4.1466 --
4.0398 4.5751
-- 3.0240
0.9638 0.6666
4.0601 1.4775
1.5309 2.1936
-- --
-- 0.7401
3.6188 0.4303
1.9791 2.6113
0.6156 4.0978
2.9490 4.8115
3.4913 1.2481
1.7111 2.8148
1.7721 3.4142
2.7497 3.4142
-- 2.5459
3.1135 2.3119
3.1135 2.9639
0.8858 3.5331
0.8858 3.5331
-- --
3.2216 2.8961
3.2216 0.1503
-- 1.0832
1.5275 3.7199
1.5275 2.8892
3.8332 1.0504
0.2957 2.4404
3.4537 1.3815
2.1157 4.7544
0.9491 0.8836
3.0990 3.7889
1.4007 0.5362
1.1422 4.9793
1.2997 4.5986
4.2997 1.2692
1.4563 2.0705
0.4922 4.9470
1.1258 3.2173
3.9589 6.2173
2.6321 3.5373
-- --
3.7732 1.5754
0.6470 0.5206
3.6473 3.4247
4.3300 3.4247
-- --
3.8580 4.4807
2.1109 2.2064
2.1109 2.2064
2.1109 2.0973
0.0271 3.1348
0.0271 3.1348
2.3794 --
-- --
0.3982 3.5628
2.3982 3.8963
0.5973 0.4305
4.2260 2.3928
-- 1.2210
2.9100 3.8508
4.9100 3.7255
3.3195 4.5437
4.1433 3.3758
3.9369 2.7550
3.1060 0.0918
0.7280 --
0.1584 0.1215
-- 2.0720
0.7196 0.5286
-- 4.8338
2.3706 8.8338
-- 3.9938
2.5451 0.5522
2.0279 3.0307
-- 2.1695
4.0942 --
-- 1.5829
-- 1.1804
4.4470 1.4692
1.7211 0.5120
3.8606 0.5120
3.9638 2.5776
0.3529 3.3091
2.1732 4.6130
2.4704 1.1741
0.4610 3.9031
3.8036 1.7214
3.6648 2.4098
-- --
-- --
0.0364 --
2.6407 2.5724
0.6556 0.7413
0.1559 2.1336
4.1559 2.4908
4.4472 3.8202
2.5862 4.0037
1.3493 2.5188
1.9619 4.2686
0.8760 0.3901
0.4801 0.3517
0.4681 0.3363
2.8882 --
1.7763 0.8634
1.5833 --
1.0868 0.8273
2.9513 0.1752
0.4919 0.9333
4.6129 3.7024
0.8535 0.5507
1.4711 4.3602
-- 3.7462
3.6477 2.5898
-- 2.6758
-- 2.6758
4.9369 0.3683
1.9618 1.8141
3.4956 3.8141
3.4972 4.9797
3.5824 4.9797
3.0941 0.9477
3.8041 1.7574
4.3206 --
4.3206 --
0.5018 2.5426
1.6694 0.9695
2.2697 4.9766
-- 2.1322
4.2590 0.8690
0.7286 0.2969
0.1464 0.2969
2.8385 0.9050
2.3274 0.6572
3.6854 4.1830
3.6909 4.2088
0.1002 3.1878
4.4002 4.3583
3.0864 3.3845
0.8902 0.1901
1.2608 2.8509
1.2608 4.2216
0.1051 0.9965
8.7009 6.6178
-- 2.3303
3.3893 2.0207
1.0156 2.3326
0.0986 2.3379
-- --
0.1918 0.8967
0.4878 0.6488
3.2235 1.9100
4.1618 4.9100
3.9092 --
1.8105 1.8710
4.8747 3.7573
7.8747 6.7573
-- 4.3145
1.9974 1.4056
1.9974 1.3689
3.9341 0.8457
0.1783 0.4377
3.0950 0.0937
0.2814 0.7851
-- 3.1333
3.5577 --
-- 4.1577
0.7078 2.0993
2.7078 4.0993
-- --
2.0054 0.0269
2.6031 0.7265
4.3075 2.6672
3.7162 1.1096
0.6314 2.8063
4.3182 1.3178
8.3182 3.3189
3.6107 2.7234
-- 1.3181
-- 3.9986
-- --
4.2480 0.4066
0.1321 0.4066
0.8308 4.5484
1.8803 2.2252
4.8803 3.5351
4.8803 1.8208
-- --
-- 1.7681
2.5692 4.1214
2.8299 6.1214
8.5692 10.1214
0.1121 1.2394
0.1121 1.2394
1.2956 0.8834
-- 2.2797
1.1077 3.8905
3.9939 1.7294
0.1221 0.8433
3.5427 --
3.6044 0.0078
4.2569 2.1716
7.2569 5.1716
3.9725 0.4158
1.2849 1.9143
0.7245 1.0702
-- 4.5273
2.3520 3.2162
0.4915 4.9047
1.2076 2.4155
3.1290 3.9085
0.4414 3.1696
-- --
1.6715 3.4045
1.8679 3.4613
2.8884 4.8764
0.8337 0.0302
0.6138 0.6200
4.9840 1.5606
0.6636 0.4700
2.6336 3.6770
0.5185 0.7721
4.7441 3.8754
3.7386 5.8754
0.2228 4.9480
2.1945 --
1.2794 1.7526
-- --
2.3170 3.0562
4.3170 3.2880
1.3275 4.0615
-- --
3.0761 0.0547
0.1092 4.3062
0.5794 0.4981
3.9996 2.5056
0.4041 2.6774
2.4854 4.6071
3.5830 2.0191
4.8582 0.8983
2.5800 3.8165
0.5046 0.1815
2.0568 --
4.2342 1.6184
4.8291 2.8066
0.4149 2.3821
0.4824 3.2898
3.9400 0.8253
3.9400 1.7133
0.6992 0.3099
3.2143 0.6162
-- 3.3230
2.5612 1.0018
0.0964 --
4.0964 4.7755
1.1873 3.7979
2.7516 4.0642
0.7092 4.3689
3.3163 0.5466
3.3163 1.4527
3.3163 1.4527
4.5912 1.9573
1.9443 2.5703
0.3290 4.4201
0.5737 2.6969
3.5178 3.7828
0.1440 --
1.2476 0.8156
0.0233 0.3890
6.0124 0.1832
2.0146 0.3290
-- 1.2795
1.2272 1.0970
4.3415 4.8389
4.4638 1.2104
0.9092 1.7484
-- --
-- 2.6473
-- --
2.2227 2.1408
4.5087 0.0083
3.2319 1.3968
4.3850 --
-- 2.7000
2.4686 1.0724
4.9369 0.2790
3.2585 0.2790
0.3714 0.0696
-- 0.0443
4.4009 --
1.8543 3.8051
3.8868 --
0.1167 0.3481
2.8318 3.8335
1.5654 3.8335
1.5654 3.9818
2.6395 4.8897
4.6395 6.8897
3.7571 1.2251
4.9716 0.7682
4.9206 0.2146
0.5365 1.5167
0.1780 3.1534
0.2971 1.7927
0.8385 0.1770
1.0129 0.9589
3.8588 0.1086
3.8588 2.6385
2.1117 4.6385
1.8332 1.9929
0.4812 4.5261
1.7283 3.2292
0.3331 1.7099
0.4631 0.7796
4.4631 2.3767
8.4631 1.4393
3.7857 4.4531
-- 1.5515
-- --
1.8605 --
3.8605 6.8627
4.8469 1.1352
-- 2.3008
3.7559 --
4.5347 4.2167
0.8900 2.5617
2.6382 6.5617
3.3308 3.7144
1.5856 2.2625
4.9322 3.1361
0.5345 --
4.4672 2.8122
1.6146 3.6242
0.1703 2.8521
2.1733 2.8521
3.5150 3.1747
0.2770 0.9069
3.0726 0.9069
-- --
5.5524 3.1676
4.7347 4.8913
-- --
4.9789 5.7074
0.1012 0.1437
0.0330 1.9589
2.2265 0.5068
-- 1.1306
7.1350 1.3498
4.8915 4.0588
0.7077 0.6563
2.1582 0.2721
2.5756 4.5573
2.8233 --
4.6898 1.8097
1.6574 3.2713
1.2980 2.6947
0.2491 2.8413
0.1369 0.4375
0.4400 3.7380
0.4400 4.8423
-- 2.2851
5.4722 4.2851
2.7296 0.7568
2.7296 2.5679
3.6268 1.5187
4.7009 1.9096
0.6643 2.4805
2.3068 2.4805
0.3856 1.7305
2.5608 2.7382
3.4309 3.9001
3.6233 2.5359
0.0518 2.2061
2.9724 2.2061
0.5428 3.5759
4.7931 3.3516
1.9694 --
4.4819 4.4584
1.9108 3.2484
0.4553 4.2463
2.9465 1.5253
0.3175 0.3924
0.3175 0.3924
4.2317 1.6870
1.0014 3.5317
2.8172 2.2240
0.1841 4.7265
2.4587 --
-- 1.4214
4.4812 3.4214
4.4812 3.9233
1.3544 0.9611
2.3200 --
0.6680 0.6589
1.1648 0.1060
1.3308 --
0.3848 2.5511
4.6466 3.4562
4.4620 1.6543
1.3362 4.3547
2.5402 --
0.8418 --
3.1990 4.7405
3.2921 1.0446
3.2921 1.5721
2.6140 4.6098
4.1094 --
0.2928 3.2946
0.3281 0.3367
2.2960 3.2809
4.6440 3.2809
8.6440 1.4089
-- --
0.5578 2.4290
2.5578 4.4290
1.9660 1.9407
3.8253 4.9407
8.9660 8.9407
0.3860 3.9672
4.5148 0.3446
4.3194 --
-- 1.2623
2.2689 0.0452
0.3013 4.0126
0.4712 7.0126
0.4712 7.0126
2.3878 3.3668
3.3739 2.9753
2.6525 2.3550
-- --
0.5546 --
4.2349 4.9275
3.3974 4.9275
1.9055 3.6855
3.4772 2.2374
0.0180 2.8843
0.3638 0.8208
3.1668 2.5813
4.6050 4.0480
3.2209 --
1.7199 --
1.7199 --
3.3205 3.5608
1.2889 1.8049
3.7877 0.6423
3.6951 4.2910
7.6951 8.2910
4.9543 3.0262
2.4988 1.4795
3.1875 0.6174
3.4998 1.2393
-- 3.1388
2.7344 0.5776
-- --
1.6544 0.3372
1.6544 0.3372
5.4444 6.1355
2.0956 1.4674
1.6421 --
4.6520 0.7174
0.9853 1.8854
-- 3.3292
-- 3.4195
3.3275 4.3663
-- 0.4457
-- --
1.9824 2.3657
4.9824 1.1016
4.2643 1.5367
3.4962 1.3655
4.9833 1.5157
0.3324 4.4642
0.0811 3.6258
3.2911 1.9913
3.0919 3.3373
0.0010 0.6544
3.0010 3.6544
4.3488 7.6544
2.3955 0.1458
1.2786 0.2050
-- 2.6287
1.8025 --
1.7545 1.9058
1.8680 --
-- 4.4108
4.8051 7.4108
0.8134 1.3117
0.8134 1.9539
0.5047 1.0985
0.3865 0.9164
3.1018 4.6853
3.5689 1.0695
1.3406 1.9111
3.5652 --
-- 3.0145
0.6882 4.1921
0.5802 0.0405
4.3067 0.0619
0.3191 --
0.5803 0.3627
5.7934 0.1247
1.6434 --
1.6434 --
2.6804 1.6694
2.7522 4.5242
3.6274 0.2004
4.8401 0.7760
-- --
4.6587 1.0118
8.6587 3.0690
0.9117 0.5637
0.5670 3.8979
-- --
3.0770 2.5502
3.0541 1.0286
1.1134 1.9163
3.1134 3.9163
3.4957 --
7.4957 1.1707
-- 0.8571
0.5734 0.5640
2.5682 0.7279
0.8514 0.6169
0.5168 1.2727
4.5168 1.9272
2.5764 1.9272
4.8281 1.9272
1.6923 1.6564
0.2518 1.1712
0.0219 0.0096
2.0880 0.0096
-- 3.9439
-- 3.9439
2.4988 4.2442
2.4988 4.2442
3.6536 3.2877
0.6934 --
2.5722 2.8058
0.5826 1.8001
3.5826 4.8001
4.8218 1.9355
4.4597 1.8852
-- --
1.2917 --
2.6712 0.5030
1.5219 --
-- --
-- --
0.9474 2.6944
4.2529 1.0341
0.3605 4.7256
-- --
2.7983 2.7148
0.9626 1.8727
2.7072 2.7245
0.8678 0.8838
1.4876 3.2386
4.7874 0.7496
1.3273 2.8335
4.6726 2.1372
1.3403 2.3594
4.3713 3.4862
6.3713 5.4862
3.4378 1.9973
3.4378 1.8272
1.7177 --
1.1709 2.8112
3.4222 4.2113
3.3301 1.6833
4.4717 2.2116
0.1706 3.9560
-- --
-- --
4.2567 3.0477
1.5443 2.0082
4.0937 1.7759
0.6839 2.9435
7.7231 6.9435
0.1343 4.5935
4.1343 8.5935
2.1750 0.7623
1.6184 1.0429
1.5231 1.0429
4.1899 1.0429
2.5889 0.9917
3.2206 --
4.7318 2.7972
0.7847 0.9844
0.6997 2.2605
2.3443 5.2605
3.4268 2.9675
7.4268 2.6823
2.2669 8.9675
4.0216 1.2718
2.9043 --
0.5464 2.0029
0.8232 0.8280
4.3475 6.9687
-- 4.0296
-- --
2.4263 --
-- --
4.1761 4.0354
0.6251 4.8645
1.3989 1.9952
-- 2.4865
0.5971 --
2.3588 --
3.8302 --
4.7780 1.3967
1.0534 3.5720
1.2296 1.3949
2.8520 3.7186
0.4400 --
-- --
4.1029 7.1652
0.5130 4.6208
4.3280 --
-- 2.8706
4.7020 3.4579
-- 2.4950
4.5850 2.9779
0.9333 2.7133
-- --
2.1239 4.8628
4.5369 4.5992
1.6491 1.9265
-- 0.7280
3.8069 2.9910
2.9870 3.3672
4.9870 5.3672
8.9870 4.4259
0.4102 0.4691
-- 4.4489
-- 4.7299
3.8170 4.7912
1.4740 3.5092
3.5313 2.0766
2.5986 4.8841
0.6090 3.0231
1.3266 0.7630
-- --
0.8226 0.0138
3.5029 1.0677
-- 2.4800
4.9159 4.3441
-- --
3.6530 3.4965
4.6042 2.8625
3.3239 --
0.3275 0.5698
-- --
0.0698 0.7428
0.9225 3.0688
-- --
3.6283 0.2761
1.5169 4.4908
-- 0.0203
0.7222 3.4438
1.9701 2.5229
-- 2.3719
-- 1.1953
2.6427 1.2704
2.6427 1.2704
3.0917 0.5794
3.9700 3.7917
-- 4.4032
0.5231 7.4032
1.2729 0.7376
4.4344 1.5081
2.5748 3.5487
3.6116 0.8093
3.6539 4.5519
-- --
-- --
0.8820 0.5980
4.7399 1.5187
3.1701 1.5187
1.1277 1.5187
4.2633 0.1265
4.5008 1.0538
0.4911 --
3.4911 1.1331
4.3002 3.6773
2.4251 6.6773
1.1317 8.6773
1.1317 4.7913
2.2900 4.7913
4.4370 4.7913
1.5904 2.9882
0.6514 0.6864
0.1950 0.6101
4.2245 1.9458
2.4177 1.3648
0.8243 --
0.9605 --
3.1476 2.8860
2.6776 0.5696
0.8075 2.1313
1.0669 3.3045
4.3216 4.4708
0.2523 0.1802
0.1831 1.4589
4.1423 4.7552
0.0293 6.7552
4.4066 0.3554
0.5733 0.2856
0.5733 3.7339
4.0788 4.1764
0.8143 4.9646
3.7834 2.9288
2.9507 3.7436
4.5331 2.9760
-- 2.7002
-- 2.1545
0.3094 0.1144
2.7604 0.0640
5.7604 3.0640
1.1145 3.0640
2.3411 3.4478
3.6462 4.6331
0.4884 2.2077
0.4884 4.1967
4.9309 2.4380
2.7821 0.5782
1.1751 4.5110
-- 1.6722
1.6078 0.9139
1.6078 4.1766
3.2210 2.7144
1.4005 2.4825
-- 0.9218
-- 0.9218
2.3574 0.6648
2.5188 4.4049
1.3567 4.1413
1.0151 2.2308
4.0151 0.6702
0.2109 --
3.4993 0.5476
0.2881 0.7605
0.7772 2.7605
-- --
1.2922 4.2620
0.2657 0.2704
0.5982 0.4422
4.3218 --
-- 4.8844
-- 1.4534
1.5619 0.9062
1.5619 1.3827
2.6413 2.5096
2.0564 0.2350
2.0564 2.1218
4.6785 6.1218
0.5220 0.8165
1.7338 --
3.7726 0.7522
-- --
2.9638 5.7730
2.5360 2.3870
2.7825 4.5485
4.7579 0.7944
8.7579 3.5827
1.5669 2.0598
-- --
4.8416 3.5675
0.2763 0.7308
1.5185 4.0886
1.8636 0.2481
2.1471 2.3017
1.7045 2.5610
1.7045 2.5610
1.7045 2.5610
4.1637 3.2970
1.2203 3.2970
2.7300 4.3615
0.7165 2.8986
0.6819 2.3965
0.3683 5.3965
3.0464 --
-- 4.6607
3.1740 1.5745
3.6005 3.9238
1.2632 4.2704
1.2632 4.2884
7.7959 2.0136
2.5057 2.4853
-- --
1.0882 2.9850
0.9471 0.3678
0.9471 0.3678
0.9471 0.3678
0.7885 0.3678
1.9854 1.8624
0.3864 0.9336
1.2060 2.7197
2.7015 1.1737
0.8030 0.5324
1.1879 2.0689
4.9325 0.8665
0.5402 0.3903
1.6535 --
1.7156 0.2502
0.3696 1.0054
4.3696 1.0465
0.3358 3.9199
2.3358 1.5782
0.9991 2.5105
0.6427 2.1657
0.2048 0.1299
1.3479 1.7508
1.3575 --
-- --
1.3273 4.9536
3.0739 7.9536
0.9411 0.8580
2.9817 3.1962
4.9817 0.0448
0.8062 4.6415
4.8062 8.6415
1.3807 --
4.2115 2.7734
1.8303 4.0464
1.8303 2.3105
1.1966 3.9821
-- --
4.8875 --
0.3707 2.3887
-- 2.5050
0.6752 4.9434
1.9569 --
4.3531 2.3737
1.9162 2.0078
0.1337 1.9026
4.5885 1.2006
3.9071 0.8141
1.9927 2.2190
-- --
1.5065 --
1.5903 3.9864
0.0716 0.8239
0.4713 2.4951
0.4469 0.8829
1.5347 --
0.5115 3.1395
3.5115 2.5385
4.0282 4.5385
8.0282 1.1187
2.4604 3.9478
5.4604 6.9478
1.5897 3.1998
3.9818 4.2936
3.9818 4.2936
-- --
0.5599 1.5579
-- 1.8629
2.2483 2.4347
3.7018 1.6118
3.5031 1.6118
3.9754 0.4541
4.5072 0.6614
1.0519 1.1301
1.0519 3.1920
1.0519 3.1920
0.1503 0.6545
0.1503 0.6545
4.6375 1.4259
1.1633 0.1462
4.4988 3.3406
1.3552 3.8744
4.2884 --
1.9430 0.6608
-- --
4.9731 7.5627
4.5722 3.7430
4.5722 3.7430
-- --
0.7634 1.9101
2.4146 3.2562
0.6148 0.7345
4.1156 2.8029
-- --
3.7956 3.1378
1.5908 0.1181
4.2842 0.1869
0.2749 0.1869
0.5382 3.5767
0.7018 0.8691
0.1628 1.6380
-- 2.2431
1.5332 --
-- --
4.3221 3.8877
4.4782 6.8877
2.6078 2.8616
0.6119 1.3204
-- --
4.0519 --
4.3820 3.8352
1.8653 0.6979
4.8653 3.6404
1.7042 0.7953
2.9064 3.7921
2.5000 0.7418
0.4230 0.5165
3.8612 1.0819
2.2056 2.6526
0.0191 3.9443
4.6056 4.6738
-- 0.2618
3.2223 3.2618
0.5041 4.6809
2.3806 0.1449
4.5512 1.4490
2.8613 2.9785
4.7648 2.0545
0.7837 2.2637
0.4967 0.9371
1.9516 5.0203
2.7128 0.0371
1.5150 --
3.2923 1.1151
1.9993 0.3154
1.3856 4.3579
2.2641 4.1816
3.4031 2.8995
2.9905 --
0.7580 0.9749
1.8800 --
3.7157 1.2211
4.5922 1.6917
2.9571 3.9303
0.9621 1.2864
0.3162 4.4636
4.3592 4.0311
4.3592 2.7158
0.0164 2.7158
0.7147 0.9158
2.8769 0.8752
4.4388 2.6454
4.4388 2.6454
4.0220 --
-- 2.3844
0.8984 0.1741
0.4066 4.5169
0.4066 4.5169
0.4066 4.5169
1.7729 4.5169
5.7729 5.4589
4.7562 --
3.2912 3.2297
3.5411 3.1187
0.9104 2.6172
2.2364 0.4793
1.8731 4.3267
1.4620 3.9145
1.8301 1.2967
3.8301 4.5780
0.4506 3.4009
2.4215 2.0118
0.7796 --
2.3623 4.5033
0.1910 0.4171
-- --
0.0514 2.6908
0.0319 0.4867
4.4407 0.6466
3.5514 1.3954
0.4650 2.0711
1.2244 1.4285
2.5597 1.3649
2.5597 1.3649
-- 1.0649
-- --
2.3692 --
2.5849 --
0.4677 3.6511
0.0613 4.0567
0.5524 3.9171
3.4996 0.5375
0.3979 1.6120
0.0568 3.9554
3.0568 2.4557
-- 3.3807
3.1752 3.5357
1.5229 0.7662
5.5229 1.7705
1.2093 1.7705
0.6089 1.3714
1.6525 2.9308
4.3032 1.7160
4.3440 4.4911
3.4616 0.5273
0.5144 4.0042
4.0868 2.6982
0.9141 4.0961
3.4376 0.7396
1.4271 2.5292
1.0509 0.0450
-- --
1.0555 3.9750
3.7024 4.0000
3.1861 0.3510
2.0892 1.8189
4.2431 0.7328
2.2923 1.5066
3.7494 0.6448
2.6742 4.6448
1.0694 --
4.2749 0.7433
8.2749 6.7339
0.1613 --
1.8170 1.3951
0.4406 --
4.0630 3.0401
4.2784 4.7941
2.6921 1.5035
2.6921 1.5035
3.4205 2.0286
-- --
4.0783 2.2626
3.8480 2.1552
-- --
1.5696 2.3529
1.7682 4.0410
2.2501 0.3515
-- --
4.8389 4.6966
4.6887 10.9317
2.8903 3.6679
3.1426 0.8684
-- --
0.1642 2.4006
3.2040 4.9385
0.9837 8.9385
0.6718 2.6138
3.8344 6.6138
-- 0.2398
3.0191 3.7282
-- --
0.3789 3.0825
3.3789 0.5315
7.3789 4.0259
2.8509 2.7108
2.0844 0.7813
-- --
3.9681 0.2032
0.2035 0.0128
-- 1.5923
2.8835 --
0.4021 1.1101
2.0988 2.4684
5.0988 4.8279
4.7115 4.9650
-- 4.4237
0.6838 0.9057
-- 4.1358
1.5046 --
3.5046 2.4513
0.5690 0.0015
1.8191 2.7156
4.4935 2.7156
3.3217 1.2340
1.6447 2.2732
-- --
1.7249 --
1.7249 0.0201
3.4534 0.3485
1.4178 1.9598
1.4263 1.0157
0.6753 2.8764
6.0238 5.8764
0.1863 4.9083
0.1863 0.7933
4.2164 3.3962
4.7155 3.6106
1.9758 3.6106
1.4945 1.4979
4.3056 2.7781
3.2911 2.7781
2.0986 3.5990
2.1174 2.6834
0.7117 2.3077
2.5063 --
0.2078 2.9740
3.2367 4.5988
4.3420 1.8259
0.1867 1.6732
2.2735 3.9546
2.2735 3.7205
2.2749 3.7205
0.9099 2.1990
3.5149 2.1990
6.5149 0.1765
3.9869 2.0652
1.9468 0.0386
3.2403 4.8045
5.2403 1.4960
2.1504 2.4482
0.4619 0.6719
-- --
1.2296 3.4976
0.1456 4.6963
0.1456 3.2568
1.5032 4.0823
3.5950 --
3.5950 --
0.2448 4.7655
2.0657 --
2.0657 3.4802
3.1751 2.3749
2.0428 3.3466
0.8364 5.3466
1.4667 4.4278
5.4667 8.4278
8.4667 11.4278
1.5412 0.5287
1.5412 0.5287
-- 4.3014
1.9196 2.3920
-- --
0.9271 0.3599
4.5537 6.1948
1.0026 0.8269
0.8972 0.4552
-- 4.1920
1.5039 2.7995
-- --
1.5742 0.3061
0.3744 1.7451
1.0029 1.1782
0.4294 0.8628
1.8513 0.6962
-- --
0.3894 0.1618
-- 1.5833
0.1155 3.9873
3.2948 --
3.0009 3.9742
2.1876 3.9742
4.5700 3.9742
4.5700 1.9467
0.3486 2.4209
0.6441 0.2785
2.6790 --
4.6790 3.9605
-- --
2.1302 3.5088
4.1837 0.5900
3.7395 0.9523
3.8450 0.9523
1.9876 4.7835
0.2241 4.7835
1.9191 1.0658
1.9191 1.0658
0.5977 4.4336
-- 3.8702
4.5480 1.1567
0.1812 0.4386
2.0213 0.8183
4.8847 1.0795
3.1616 1.1975
1.1621 4.9447
-- --
3.5450 3.7270
-- --
3.6825 4.6272
-- 1.7928
5.1221 5.7928
-- --
2.9826 4.5649
3.4376 --
0.2702 0.4452
0.1157 3.5934
-- --
2.6813 --
-- 3.0501
-- 2.6699
7.1493 2.7128
9.1493 2.9657
0.6622 0.1156
-- 0.0979
3.0566 0.9333
4.1691 4.7812
0.1376 1.2730
1.2756 1.2730
1.7640 2.3516
-- --
2.6703 3.0605
2.9235 4.7075
4.2499 2.4535
4.2499 3.7526
4.2499 3.7526
-- 1.0962
0.7567 4.1705
4.8739 6.1705
0.5719 --
2.1036 0.1830
-- --
-- 4.8933
1.5659 1.5293
2.2329 1.5293
-- 3.0127
4.7940 6.0127
2.9382 4.7887
1.9388 8.7887
3.9505 0.5275
3.9182 4.2552
4.9337 1.4643
4.9337 1.4643
2.0612 0.4545
1.4133 0.4545
4.6035 3.9183
4.6035 3.9183
1.8086 8.6565
1.8086 3.9711
3.7380 3.9244
0.0601 0.1569
-- --
-- 1.3299
2.6610 1.3299
3.0851 2.9164
3.1730 0.2966
1.1327 1.0611
3.6829 4.6368
-- 1.9785
0.8804 3.1097
-- 2.1187
5.7298 1.6793
3.0938 --
0.6264 2.0400
1.0895 4.5754
0.8685 0.2695
1.0000 2.2695
4.1718 3.2847
2.5070 4.2259
2.5070 4.2259
2.5070 0.9137
1.5910 0.2778
5.5910 4.2778
0.0630 4.3198
0.1868 3.5177
3.8490 4.3939
3.1155 0.3741
3.1155 3.4197
-- 4.4227
1.7659 2.2160
-- 3.1153
3.3892 2.5188
4.9669 0.1721
2.9551 --
1.4813 --
0.6780 2.2801
0.9257 1.0663
0.0527 2.1848
2.9729 --
2.9729 --
3.8644 3.5116
2.5817 3.5210
1.4658 1.3799
2.7640 2.7509
4.2916 --
7.2916 6.2064
0.2796 2.9135
-- --
0.0845 0.3138
3.8299 4.9630
3.0894 4.7679
1.4894 --
0.1669 2.4322
1.5319 1.3598
1.0295 4.1705
-- 4.3587
0.4237 4.0643
2.7406 4.6469
0.4046 1.3671
4.5956 2.6321
0.1108 --
3.3961 1.4854
1.9476 --
-- --
-- --
0.1099 2.8021
0.1099 0.6445
0.5302 3.7242
4.7170 0.2657
4.7919 0.3040
0.4850 3.8661
4.0978 5.8661
-- 4.7523
-- 4.7523
6.9689 3.6847
-- 0.5049
-- 2.7321
3.1259 2.5106
-- 2.0261
-- --
7.8182 3.1235
-- --
3.3616 --
2.7342 4.3376
4.0791 3.8550
0.7982 0.1625
3.2950 2.7791
-- --
1.3857 4.9031
2.8279 2.6317
3.2684 4.0797
2.5777 0.2996
0.3384 1.5951
3.5057 0.6070
2.7367 2.2288
-- 2.8052
4.8112 2.9438
6.8112 3.9781
3.4597 3.1656
1.1597 1.4113
0.2091 0.6445
0.4120 1.8851
3.4120 4.8851
2.1824 --
2.4430 1.4316
-- 1.9429
1.2559 3.5652
1.1589 1.4465
-- --
0.5611 1.4081
3.1603 --
3.9703 --
2.9438 --
4.2665 3.1024
0.9068 4.9417
2.9068 6.9417
5.9068 9.9417
2.3608 9.9417
1.9960 3.2722
-- 2.3611
4.7100 4.4449
4.7100 1.1084
3.9371 3.7384
3.5485 0.2822
4.6199 2.1571
-- 1.8652
4.0001 1.9408
4.0001 1.9408
1.6668 --
4.6668 7.1839
3.5513 1.5225
-- --
-- --
3.8681 0.1162
5.8681 2.1162
0.8196 2.2026
3.8196 5.2026
4.1751 2.6928
4.7249 1.0098
3.9772 --
3.8618 4.8304
4.3142 3.0910
3.6117 4.3109
3.9019 0.6076
0.4742 1.4733
4.4742 5.4733
4.9871 2.1946
4.9377 6.1946
2.4132 1.3947
2.4827 1.3947
1.7846 3.7266
-- --
6.1025 0.1888
4.6972 1.6195
7.6972 3.0102
0.1834 4.8462
0.2329 3.8401
0.3490 0.2770
-- --
-- 2.6798
1.4246 1.9414
2.7192 5.9414
1.4157 4.0885
-- --
2.8109 3.4039
1.5533 1.1923
-- 1.9382
3.3184 1.1333
0.8319 1.1333
4.6574 2.5454
8.6574 3.7394
12.6574 10.5454
2.4982 4.2333
1.0708 4.3477
0.0362 0.7106
3.0198 --
-- --
-- 3.3516
-- --
-- 2.2821
3.1564 1.9785
2.1317 2.3240
2.5497 3.5726
4.0179 7.5726
3.7341 10.5726
0.5104 4.7692
1.0464 --
4.5526 --
2.7539 1.7626
4.1103 2.3453
2.4160 2.5518
4.7309 4.0700
4.4702 0.2138
3.8260 4.2147
4.2064 1.4206
2.1919 5.4206
2.1919 5.4206
-- 0.7294
2.2535 2.9509
4.0329 4.8992
2.6451 1.2007
1.7915 1.9486
2.4785 2.0749
5.4785 5.0749
3.6592 3.1010
0.1956 4.6274
1.2577 2.3365
1.8244 4.3365
0.0085 2.2939
0.0085 1.9996
3.0022 3.1003
0.1671 1.9615
1.6542 1.9153
2.1540 0.0976
5.1540 4.8333
-- --
0.7442 --
1.2049 --
3.8010 --
1.0405 2.9121
-- 2.6904
0.4848 4.3989
-- --
1.7066 2.2893
-- --
0.3048 1.2418
2.0121 1.2418
0.5761 0.6373
1.1966 4.4513
3.1966 2.2046
0.3263 2.4341
0.4536 3.1673
2.6274 1.6066
0.6117 0.4487
0.9001 4.7178
-- 3.2787
2.7160 2.4619
0.0352 4.9888
1.1632 2.7783
1.2614 4.4336
-- 1.0982
-- 2.9394
3.5504 --
3.5504 1.4683
5.5533 5.4683
1.0644 1.7712
1.0644 1.7712
4.9183 1.6782
6.9183 3.6782
3.2698 3.6687
1.1489 2.8749
-- --
8.0280 1.0244
4.7813 0.5105
4.7813 0.5105
-- --
2.9094 --
0.1280 3.5047
0.2821 1.0512
3.2821 4.0367
3.2821 4.0367
1.8015 4.6727
3.8015 6.6727
4.5807 --
6.5807 4.3380
3.6989 1.1875
7.6989 5.1875
0.8598 0.5032
0.8598 2.7316
3.2603 4.5955
3.0593 1.8005
3.0593 0.6379
3.7553 2.6484
2.6172 2.4995
2.5230 3.7697
6.5230 7.7697
4.9428 0.1063
4.0715 4.3883
2.7058 1.3294
4.7058 0.8800
3.3633 1.6807
4.7295 1.6807
0.7669 0.0418
-- --
2.2138 1.6606
3.5656 --
3.1140 3.8793
2.2036 4.9749
0.4322 1.6485
3.4322 4.6485
0.8784 8.6485
3.5891 1.2242
0.8358 1.5758
2.8682 3.0791
2.9813 3.2091
2.9813 3.2091
0.2367 2.1045
-- 1.4291
-- 1.4291
3.6372 4.2460
0.2538 8.2460
1.9628 8.2460
3.8304 8.2460
4.8283 4.0604
0.5172 0.1683
3.3425 4.1058
2.3774 --
2.3774 4.1654
-- --
0.7445 0.7996
3.3105 4.7996
1.2699 2.9039
0.4568 3.5796
1.8802 2.2849
4.1839 2.9299
3.3169 0.3323
3.3169 2.7911
0.9461 0.8869
0.9461 0.8869
0.8814 1.3597
3.8814 4.5851
0.2431 0.3285
4.6426 0.4807
3.9739 4.4807
-- --
1.3510 3.2869
0.0816 3.9429
4.9467 3.9429
-- 1.4126
4.1069 0.9259
8.1069 0.2869
1.0207 0.4538
4.9027 0.5916
3.6693 3.5916
3.8465 2.4965
7.8465 6.4965
0.7647 0.7444
0.7647 0.7444
3.3278 6.4405
2.0184 0.7202
4.4708 3.5594
2.7867 4.7808
3.1419 3.4285
3.0078 4.6918
3.3904 2.6063
0.1457 --
3.1457 4.9100
4.3876 3.4777
4.8780 2.8175
4.9768 1.5299
3.0283 0.4548
4.0537 0.9667
-- 1.8794
1.8257 0.5417
0.8608 2.7765
0.1985 0.0582
6.7622 3.7170
2.4027 4.4663
4.0025 --
3.7112 3.7621
1.1398 0.0044
4.8912 1.5552
1.6309 1.6889
1.0041 1.6889
-- --
-- 0.5500
3.0000 0.5500
7.0000 3.4878
2.0632 0.8511
2.0632 0.8511
1.1829 0.8929
1.1829 1.6372
2.6225 --
3.4528 --
3.1432 0.7388
0.8399 0.2302
0.5782 --
1.2120 2.4055
4.1052 0.0637
0.5879 2.7801
0.5879 2.3174
1.6594 1.2098
3.3828 4.6370
2.8539 2.9425
2.8539 2.8037
4.8805 --
3.6906 2.2576
7.6906 2.7945
0.1914 8.2576
2.2640 4.0288
3.0770 0.1439
0.5303 0.9587
0.5303 0.9587
0.9834 6.8071
3.2224 1.4652
1.0335 3.2811
-- 4.0717
-- 2.2768
1.3091 4.6328
-- 4.2337
1.6053 0.3282
2.7030 --
-- --
3.0087 4.2065
2.4132 1.1713
6.4132 5.1713
3.6066 0.9416
0.9202 1.8398
-- --
3.3923 --
0.8059 0.5120
1.2841 0.5053
4.2841 3.5053
3.0165 0.6162
2.1002 4.8987
2.5280 0.1073
0.4062 3.0045
3.7966 0.7446
1.1335 3.8667
3.3426 3.8667
0.5648 3.3280
0.5648 4.7668
0.1734 2.2186
4.0457 4.1986
2.5578 0.7210
-- --
4.6355 --
0.5145 1.5241
-- --
1.7002 1.8653
2.2021 1.1591
0.2359 4.3909
0.8113 --
3.2435 --
5.2435 2.6507
3.8931 --
4.0105 2.7891
-- 4.6196
-- 3.3543
0.0511 --
3.7641 3.1290
3.7641 0.0918
-- --
4.5204 1.5173
1.2094 --
0.8995 --
1.1833 3.4935
4.0115 1.9795
2.2247 --
-- --
3.0038 4.0327
0.6679 4.0327
-- --
1.1631 0.0029
0.7885 2.9203
0.7885 1.8782
2.7969 3.8157
5.7969 1.3297
2.0941 2.9515
4.8418 --
3.5704 4.1094
-- --
1.2544 1.4589
0.2061 4.7857
-- 3.3537
4.2630 0.0525
-- --
0.5967 0.9263
0.8420 4.8703
2.8771 1.6248
2.0099 4.3698
3.0161 4.9556
-- --
3.7432 1.0069
4.5180 4.8818
1.4562 2.6194
1.0696 2.6194
4.4935 2.9346
0.3025 --
0.9205 2.9296
2.8395 0.4791
1.5513 1.1237
4.1802 1.2852
2.0521 --
1.2662 --
-- 3.5727
0.7794 0.5920
0.2131 0.3048
3.0755 1.0874
2.2921 0.3129
2.3268 4.4405
-- --
2.2255 1.5727
4.3734 0.0115
3.0708 1.1372
2.6488 0.2605
0.1731 --
1.1094 2.0141
2.6369 2.0141
-- --
3.3615 4.0936
-- --
4.2409 4.8690
3.9018 0.4188
2.7747 1.8821
1.1552 0.8246
3.1552 4.8315
2.8122 --
3.9513 0.2742
3.2410 4.8090
4.6277 2.8354
6.6277 4.3044
2.9445 3.4691
3.1749 3.8045
-- 4.8543
0.4595 0.8873
4.6238 --
6.6238 2.9256
-- --
0.7408 0.0955
0.6459 0.5985
0.9803 3.0198
0.2636 6.0198
4.3173 1.9598
3.0447 0.3861
3.6957 4.8967
4.6762 --
-- 3.4375
-- --
0.6464 0.2024
4.8204 2.0363
1.6113 0.9550
3.9021 2.9752
-- --
0.0822 0.1158
0.4237 3.7385
-- 0.1292
2.6029 4.1154
4.5988 --
-- --
4.0289 0.3192
2.4168 1.7516
2.1979 0.7188
4.3711 0.7528
0.5236 0.7148
0.5236 0.7148
4.0021 1.7860
0.9641 1.4192
4.5770 0.9598
4.3007 4.8112
1.0621 0.0259
-- --
4.6146 3.4086
0.4810 0.1992
4.4810 4.1047
4.4810 4.1047
0.9252 0.3475
3.3487 2.6611
-- --
4.2587 --
3.4252 4.9664
-- --
-- --
-- 3.3555
3.9437 1.9628
2.9667 --
3.9786 3.4375
4.6403 4.7190
1.8578 4.1287
0.6848 0.9342
3.8703 3.9149
2.9932 4.7338
0.5849 3.0174
-- 0.7740
2.7534 0.1322
2.8560 1.2206
3.4951 1.8852
2.5871 4.4992
3.3229 3.8984
4.1979 3.7349
1.8601 2.4353
2.1938 --
3.6474 1.4216
1.7570 --
0.9332 1.3004
4.3035 2.2029
1.4114 0.9832
1.4114 2.2956
1.1686 0.9190
1.1686 0.2165
0.9588 0.2852
0.8856 3.4556
0.8924 1.0706
0.1789 0.9841
4.3133 4.4131
0.0255 0.6628
4.0255 4.6628
4.1681 1.2051
-- 4.6547
3.8639 1.4806
7.8639 4.0153
-- 1.7644
2.7381 0.3170
-- 3.7225
4.4391 0.6817
4.4895 0.7636
8.4895 2.8032
-- --
0.3720 4.0643
2.9480 2.1371
4.4093 3.3309
3.7903 4.2758
-- 1.0027
2.2247 2.3688
1.4998 2.9236
4.4631 2.9236
3.7058 1.4771
1.2244 2.4961
1.5823 2.4961
-- --
0.0108 2.1563
1.7975 0.6233
0.8718 2.8278
3.3382 0.8340
4.9778 4.2235
4.5130 2.2055
4.3500 2.3313
-- --
3.9725 --
0.8229 0.9381
0.9347 0.9381
0.4592 3.2692
2.7765 0.7679
1.7064 4.8354
3.3974 1.4162
3.2254 4.0576
3.2254 1.1218
-- --
6.4944 4.4623
1.0854 0.2342
0.0749 0.1009
4.0962 2.1009
2.9626 2.8965
6.9626 0.8691
3.7182 0.3231
4.2889 3.2403
3.5762 1.1454
3.7714 3.7332
3.7533 1.3535
2.6270 1.3177
2.6270 1.3177
0.5486 0.3442
3.0057 3.6270
4.8242 3.4289
4.3515 1.0457
4.1826 0.1470
0.1373 2.9947
-- 4.1367
0.0308 2.8195
4.4849 --
0.3582 2.9809
1.2098 0.0490
0.2033 0.7701
3.8887 0.2987
0.5501 1.3120
0.5501 2.3967
-- --
2.9275 3.2947
3.6823 0.5204
-- 1.9410
4.1663 --
0.2166 2.5821
4.7997 2.3944
0.2095 0.3477
3.7224 0.8691
1.0203 0.1015
4.3971 0.3710
-- 1.4850
1.8294 3.2404
-- --
4.3580 1.8295
0.1748 3.7185
-- --
3.5420 4.9576
-- --
0.6789 2.7138
4.3802 2.2532
-- 3.4826
3.6888 1.2496
4.7010 0.6357
2.6953 0.3075
-- 1.2968
2.0914 4.6396
4.0831 6.6396
4.1143 2.2286
3.0252 --
3.8084 2.7565
4.5491 3.1654
3.9721 --
2.4559 3.7823
1.9895 3.5717
4.3277 3.5223
2.7482 0.8511
1.7060 --
1.3911 0.0493
1.6501 0.3162
-- 0.2596
3.4097 0.8680
3.6325 0.0411
3.5535 4.9772
4.6501 2.6041
3.1486 4.7551
1.0432 2.4789
0.1389 0.8836
2.9707 1.9964
2.1001 5.9964
8.9707 0.5687
3.4941 0.4938
3.5806 2.6487
3.5806 2.6487
3.5806 2.6487
0.1762 2.7091
-- --
1.3792 1.0790
2.4125 1.9309
1.4832 1.4929
-- --
3.5237 1.9285
-- 4.6322
0.5654 3.4114
4.4397 3.4114
4.4397 0.1226
2.3213 3.1884
2.9512 --
1.4328 2.3395
2.6563 4.2805
2.6563 4.2805
1.5906 0.4886
1.5906 4.9026
1.0720 3.5345
0.9396 3.8700
2.3063 3.8879
1.5349 3.8879
4.7288 0.6779
4.2237 0.5816
0.9940 0.8743
0.9940 0.6444
0.5587 0.6575
1.9074 4.2048
4.6006 4.1407
3.2047 2.8908
4.7187 1.3217
4.5819 --
2.6084 3.3027
3.5015 2.6107
-- --
4.4151 2.7349
2.0120 0.0563
5.0120 3.0563
1.7977 1.4410
-- --
1.0120 4.6674
0.1700 0.7645
0.6877 2.7714
3.6972 0.5956
3.0254 --
0.1584 0.7790
0.1584 1.2959
2.3742 4.5404
0.4181 0.3418
-- 1.7813
-- 2.8527
-- --
1.6569 --
3.6569 6.2154
1.9415 0.2477
4.8970 0.2477
4.0545 1.6422
3.8928 0.4624
0.8915 2.8225
0.8915 1.1561
0.8820 2.9790
2.8820 4.9790
2.3391 3.0156
1.4014 4.3569
2.9395 3.3087
2.9395 3.3087
2.5110 2.2927
0.8233 2.0760
0.0052 0.3637
2.9605 1.9209
-- --
4.4994 2.4541
0.0406 --
4.8702 4.8441
2.9707 0.3853
0.9255 3.8215
1.8394 2.6670
4.0932 4.9383
2.8590 4.0839
1.4218 4.0839
5.4218 2.5078
1.6106 3.5188
2.8918 1.6428
2.8918 1.6428
1.1336 3.4507
3.1336 5.4507
3.1336 5.4507
3.2194 0.0219
2.4927 1.1566
-- 0.4206
-- 0.8877
4.7866 2.4607
-- --
-- --
1.8849 0.0088
4.5990 4.0021
0.3542 0.1977
0.6765 0.1977
-- --
-- 0.2445
4.6657 1.1885
1.9260 4.9125
0.4840 4.5363
-- --
2.3333 0.4486
1.4717 0.9407
1.7505 1.6053
1.8662 3.5817
1.5788 7.5817
4.4807 3.3476
0.0126 0.4495
0.9784 0.4734
2.4618 0.3963
0.2392 0.9610
0.8316 3.4564
1.6332 0.3992
2.0067 4.5121
1.4082 1.0955
0.8694 2.8303
0.4440 1.2451
-- --
2.9038 0.4607
2.3241 0.0833
1.1206 --
4.0722 2.2949
0.9686 1.1237
4.1673 5.1237
-- --
1.4660 2.2945
0.2633 0.3391
4.8353 2.3596
8.8353 6.3596
3.3736 8.3596
12.8353 10.3596
14.8353 12.3596
-- 3.4818
4.7917 3.8719
-- --
2.3369 1.9024
3.4338 0.4951
-- --
-- 4.9652
2.5753 4.0759
3.2355 2.3324
2.8549 1.8746
2.6336 4.7318
1.1343 1.1746
1.9696 0.1617
0.1399 0.1295
0.3909 0.4988
4.3909 1.0141
0.4824 6.4988
8.3909 4.9330
3.0619 1.8920
2.7390 3.4115
4.6993 4.0529
2.0367 3.0933
3.5717 3.0933
3.7264 0.8303
2.5194 0.3595
0.5245 4.5986
3.7225 3.5598
3.7225 3.5598
0.5859 0.0091
4.9038 0.0091
3.6126 0.2709
4.6556 1.6000
-- --
2.2000 4.0299
3.7018 --
-- --
1.8654 3.4792
0.5458 4.1251
-- --
3.2536 4.9638
-- 0.7079
4.6313 0.7382
8.6313 4.7382
0.4422 3.2617
1.8205 0.1179
3.0586 4.8108
0.3378 4.4250
2.1694 0.9942
0.4715 --
3.4715 2.0276
0.0300 --
-- 2.2271
-- 2.2271
1.9690 3.0987
0.5906 2.6811
1.1219 0.5529
-- 4.2573
0.8683 0.6378
0.8502 2.4855
4.9520 0.8089
2.0369 1.5599
0.1015 2.3530
0.7590 1.2218
2.0275 --
2.3412 0.2946
2.5838 4.0480
0.6181 4.9738
3.4385 4.4160
4.9461 3.8359
2.1923 3.0810
2.4711 2.6362
0.3968 1.4361
4.5348 2.8964
4.1928 4.5549
3.0297 --
6.0297 3.6043
-- --
3.1539 --
4.9805 1.2843
3.8941 3.8939
2.7676 3.0356
3.3084 1.8860
3.0346 0.9287
1.5183 0.0991
2.0343 2.0188
4.0394 4.1495
-- 2.2249
4.9510 3.3913
-- 3.8435
2.7498 1.1491
4.7453 2.5685
0.8544 1.4565
2.1201 2.0826
0.0652 4.8784
0.3641 0.4812
0.1459 0.4812
-- --
4.5415 0.4500
0.1248 0.5848
2.3458 0.9767
1.9135 --
4.9135 4.4001
-- 1.6658
1.0613 2.3216
1.0613 3.0603
2.4288 3.0615
2.3684 0.7283
0.7410 4.3063
4.8153 1.9133
2.9863 3.0268
1.0341 1.3752
4.6319 --
-- --
1.1298 3.6505
3.6874 7.6505
1.6978 3.8207
-- --
0.3401 3.4611
4.7219 1.2582
2.3285 2.7381
3.3411 --
3.3411 --
2.0403 0.1536
6.0403 2.2467
2.0012 4.1073
4.0861 1.8037
4.5864 4.4412
1.2503 4.4412
0.3970 2.9537
-- --
-- --
0.4918 1.9512
0.4918 1.9512
3.3478 4.2925
5.3478 1.7256
3.6952 4.2341
-- 0.4664
-- 3.6699
-- 3.6699
-- --
-- 2.0272
1.1178 1.9281
-- 3.6871
4.0548 2.7554
4.0548 1.0136
4.1903 3.6646
-- 2.2873
0.5116 4.3657
0.7095 --
0.4530 0.7287
-- 3.5108
2.8534 3.6663
2.8930 1.4455
-- --
-- --
0.5666 3.9037
1.0972 0.4209
-- 1.6904
0.5411 3.6904
0.5411 3.5572
1.3498 2.1089
2.7150 0.4305
3.4695 --
3.0154 --
0.8553 0.1990
0.5727 0.1998
1.6511 2.0681
1.2359 3.7726
3.4815 0.6795
-- --
4.0932 --
-- 3.1441
3.2750 4.0598
3.8171 4.0598
2.1172 3.3773
3.0178 0.8269
3.2874 2.8301
4.3259 1.8543
-- 2.7851
-- --
4.8094 3.4809
2.1538 --
4.0414 3.4847
2.1599 0.7721
2.6614 0.6047
1.5276 0.7163
-- --
2.4737 3.9273
6.4737 3.1936
1.0148 0.9468
3.7343 --
0.7304 0.5459
3.4237 0.6003
3.2014 3.8494
1.3725 2.6163
1.7331 5.6163
3.8389 3.1838
3.1503 0.1463
0.8552 4.9099
0.8552 2.8938
-- --
8.8351 2.6867
4.3920 1.0252
3.3981 4.2441
1.0601 0.7689
4.6510 1.0610
4.1421 3.3969
3.7242 --
1.1167 8.3561
0.0544 0.5076
4.7985 1.3988
-- 3.9397
3.4536 4.2913
-- 0.3818
1.4916 --
3.1680 2.5420
4.9228 --
7.9228 4.0591
-- 0.5985
3.8113 4.5985
2.0622 --
0.8318 0.7826
2.9503 1.0153
5.9503 4.0153
4.1162 2.9724
2.2735 3.1989
4.9922 1.8331
2.5927 1.3521
0.9827 0.2921
3.9409 6.6866
4.7278 3.7936
1.9705 4.6831
1.9576 0.0162
2.3950 0.2274
2.3947 2.2274
-- 0.1857
4.9105 1.7297
1.9265 4.7297
-- 2.5518
-- 3.2515
3.2366 3.4185
1.4602 3.4185
5.4602 2.8615
1.4849 1.3105
-- --
3.4041 --
3.4041 2.2724
-- --
3.7632 2.1428
1.7732 2.4801
3.4561 --
3.6640 --
-- --
1.4552 4.0779
0.4195 0.6167
4.1880 0.8576
-- 0.9929
-- 3.0108
3.4418 0.6357
0.8534 0.0623
0.8534 0.0623
1.8983 0.0200
1.2053 2.8958
2.8293 3.4383
1.9226 3.2659
0.7096 3.7508
0.9826 4.0513
4.7032 1.9838
-- 3.6607
2.3188 4.4590
5.3188 7.4590
4.6476 3.8046
3.1052 2.4877
2.0208 --
0.8348 0.9429
-- --
4.7441 2.9778
0.1823 4.4857
3.3686 2.1830
1.9095 2.5421
0.7743 2.0070
0.9348 --
0.3677 0.3955
0.7202 0.1886
2.2869 3.0757
4.8484 6.0757
2.9574 0.8248
4.5156 3.3579
0.0320 0.7608
-- --
4.2869 0.3309
8.2869 3.9291
1.8195 --
3.8001 --
2.0491 0.3132
-- 0.6616
3.5718 3.9641
-- 1.4786
2.9338 3.2874
4.3674 2.7768
1.4622 3.2493
0.7157 0.8873
4.2219 0.8577
3.6870 1.4236
7.6870 5.4236
4.2292 1.3651
4.2292 1.3651
4.2292 1.7739
2.5221 4.4024
2.8702 1.0472
3.7738 3.3982
1.9338 2.1925
3.9338 4.1925
-- --
3.2649 --
1.3137 3.6024
2.7042 2.8282
2.7042 2.8282
4.4546 2.4929
4.2840 1.3897
4.4798 2.6422
4.9860 3.8179
4.5413 2.8443
3.7118 2.2409
4.2011 0.1436
-- 3.6509
0.5271 2.3371
3.3936 4.1707
3.0211 0.9362
-- --
4.9304 --
6.9304 4.2071
3.2121 0.5616
0.4924 1.0571
3.0607 1.7463
2.8183 1.0204
4.1555 2.9249
-- --
1.8708 --
4.6800 0.2468
-- 1.0755
-- 2.6632
0.3837 0.0716
2.3357 0.3943
3.2631 1.6181
4.6651 0.7311
-- 1.7116
4.6118 3.6045
3.4272 2.6429
1.2687 0.8536
4.5841 1.3313
1.4336 4.7586
1.7083 0.4045
3.9244 0.1958
0.5320 2.2682
1.2449 0.9495
-- --
3.9151 0.8524
0.4498 4.4366
0.8213 4.4366
0.6872 1.9716
3.4095 --
3.5497 4.6660
0.2169 1.1399
1.5051 --
1.5051 4.4163
0.2651 1.8259
2.8739 0.8031
0.1297 4.1675
0.7051 3.9105
1.7717 4.4166
2.7868 0.0735
1.0513 4.6300
0.4067 1.1325
-- 3.6816
3.6375 4.9049
3.6375 1.2083
3.1104 0.9680
-- 3.4252
2.7984 0.4732
4.7984 4.5485
7.7984 2.1221
2.5512 0.5067
1.3787 1.5327
1.3787 3.6016
4.4255 0.5497
0.9004 4.8293
1.1248 7.8293
4.5821 2.2691
4.7290 --
4.2478 8.4961
3.4417 --
-- --
1.1474 --
4.9317 3.5908
6.9317 5.5908
0.0773 1.7128
2.3765 --
2.5936 2.3547
0.1559 0.7429
4.9866 1.8081
0.1763 1.2718
0.1763 0.5958
0.5754 4.3342
4.5025 2.5934
-- 3.7479
3.0354 1.5423
0.8727 3.5423
3.4710 3.5423
5.4710 1.8222
7.4710 6.0106
4.6364 4.7282
2.5037 3.2437
-- 4.9570
3.7626 4.9570
1.9906 1.8594
2.2251 2.7313
-- 0.6042
1.7950 3.0376
3.3012 --
7.3012 4.9593
4.6016 9.7806
14.3012 13.7806
3.0938 0.9954
-- 4.8424
2.2231 0.3773
5.2231 3.5705
-- 4.2867
4.7677 1.8651
4.9275 1.9225
4.8074 1.9225
0.5324 0.5725
3.9261 1.4210
4.9589 2.9196
0.4642 0.2899
3.5735 3.6527
3.8157 4.9511
0.3384 3.7961
0.2897 3.2913
0.9127 1.9725
2.1788 1.9725
-- --
4.6155 0.7735
0.5948 3.7590
0.6917 3.2956
1.1919 4.5191
1.8517 4.4634
0.0486 4.5758
3.8344 0.4033
5.8344 2.3178
4.9123 4.4607
3.1839 0.8858
6.1839 3.4182
8.1839 5.8858
3.5500 4.0794
2.4807 4.8471
1.3347 1.4217
1.3347 1.4217
3.1727 3.9096
2.6693 2.2690
-- --
3.1945 --
1.6336 1.5039
3.3043 2.4323
-- --
0.4883 2.0628
3.4883 5.0628
4.5956 2.4558
4.1535 4.7230
-- 3.0691
0.3698 0.5693
5.2389 3.4335
-- 3.9552
0.3714 3.4561
1.2321 0.1029
1.7966 4.5303
4.0104 0.0727
0.0447 --
0.0447 2.7150
2.8637 2.7830
2.3666 2.5252
-- --
3.9600 3.7522
4.6610 3.2875
4.1688 1.6343
3.1027 4.9659
6.1027 4.4401
2.8015 0.5368
2.8217 0.2342
-- --
-- 3.6382
2.5141 0.9039
0.0459 1.1447
-- --
4.4280 0.0436
2.9985 1.3384
2.1027 1.5754
2.1027 1.5754
0.5517 0.7440
-- --
0.3367 1.3651
-- 2.2900
2.4562 4.2900
4.8914 2.9866
4.5374 4.8910
0.5369 0.7575
0.3666 4.3007
3.2143 0.0373
0.0455 1.2217
-- 0.3746
0.3007 3.3746
0.3007 3.3746
-- 3.7909
-- --
0.9182 2.0304
3.9610 0.3687
-- --
1.0121 4.8823
1.0018 4.8458
0.6536 0.7579
0.1260 1.6292
4.8116 4.1867
-- --
4.3180 2.3724
-- 2.3280
3.5461 --
2.2355 1.0080
0.4228 0.6693
1.4737 4.0852
0.7543 0.7688
3.7095 2.4205
1.6234 0.0164
-- 1.5616
1.3574 2.1502
0.7711 0.5498
6.9798 4.5498
1.4138 4.2139
-- --
-- 2.4637
1.2832 1.8066
3.8699 1.8066
6.8699 4.9877
0.5833 1.4811
0.6075 2.5027
4.2779 0.2141
-- 1.1764
3.3016 1.8539
0.4241 1.8539
-- 0.6211
0.7294 3.7334
3.6895 2.0717
0.8486 0.8654
1.9959 2.4160
-- --
-- 3.2983
3.2583 0.2818
0.5291 3.0415
1.8914 1.0155
-- 4.0032
0.4934 0.4333
1.0927 1.7549
2.4643 4.3213
2.5926 2.0284
2.0963 4.3773
0.5049 0.9678
3.7564 --
4.1848 3.3799
-- --
1.4468 3.4156
3.3008 0.9158
3.1538 3.2718
3.1538 3.2718
-- --
-- 1.3922
4.8006 0.2790
1.9316 3.1760
3.5487 2.3896
-- --
0.5788 2.8565
0.5788 0.3584
0.3933 3.2047
0.0506 4.1364
2.5589 0.2752
-- --
-- 4.1517
0.4650 1.1395
6.4297 3.8681
1.5901 --
0.6114 4.2430
0.7422 2.0404
0.7422 1.8542
6.1183 4.2819
0.7709 0.4476
1.2016 3.6924
0.1597 3.9526
0.6334 2.7293
0.7846 4.3517
3.0064 0.5597
3.0064 0.5597
2.9529 0.1846
-- --
2.5571 --
0.8198 4.7437
2.3739 3.3131
4.5178 2.0053
2.8011 4.0053
2.7841 2.3808
4.7088 3.7315
4.5986 3.4915
3.4723 --
4.8571 3.3290
0.2198 3.3290
4.2198 7.9732
4.2677 1.2848
3.7363 2.1343
4.0843 4.9205
4.4524 --
3.1570 4.8898
4.6733 0.8029
1.2036 3.6451
0.1326 0.7584
2.3940 4.6070
4.6858 4.9814
4.2944 2.7073
3.7035 --
-- --
3.0344 --
2.4407 2.2457
0.1823 0.0756
4.2649 0.3845
1.1441 2.7999
0.1443 1.8989
2.7115 3.2537
1.8902 1.6203
0.1039 1.0586
4.9542 4.1781
3.6103 7.1781
9.9542 3.5659
4.6494 0.6303
1.6421 4.3647
1.8593 4.9416
0.6561 --
2.6571 1.6093
4.1806 0.3051
0.0853 0.5292
3.5561 3.0534
4.5710 1.7011
2.1799 3.7011
1.0339 4.5168
-- --
2.2596 2.5990
0.3422 4.5184
3.7034 --
0.8106 0.4624
3.6216 0.5520
5.6216 2.5520
0.4659 2.5520
2.6874 3.4977
3.1248 4.5783
0.0250 3.1220
0.3626 1.1776
3.1583 4.7572
6.1583 7.7572
8.1583 9.7572
0.7301 0.7889
2.5845 4.9276
-- 1.4522
0.5703 1.4522
1.2960 2.8974
-- 1.7100
4.7346 2.1256
0.5767 1.4106
-- 4.9098
0.7560 0.3853
-- 0.2529
-- --
4.9612 0.1118
-- --
1.6293 0.1071
1.2356 1.7193
3.0991 3.6354
2.1950 3.1632
3.5820 --
-- --
-- --
-- --
1.2747 3.3482
4.1735 3.3482
1.2738 --
3.3335 --
2.1422 3.4375
1.2812 2.4208
-- --
-- --
2.0036 2.5887
4.0125 3.3556
0.2131 3.6620
1.8681 0.8101
1.8681 0.8101
-- 2.7486
0.6824 3.1271
1.0160 --
3.4206 0.3772
-- 1.2223
4.9880 4.4277
0.6445 2.8276
3.3200 6.8276
0.3323 6.8276
3.6226 4.1757
3.5270 0.3602
4.7588 1.3909
4.7698 2.2078
4.7698 4.8024
-- 3.3822
0.5697 0.0356
0.5697 0.0356
4.3877 3.1848
4.3877 3.1848
1.8357 0.5695
3.6515 --
0.3289 4.0731
-- --
2.7829 --
3.9599 --
4.2067 3.4943
4.6636 --
4.1779 2.2539
2.5495 0.3318
3.1121 2.7678
0.4815 6.7678
1.4311 2.0028
-- --
-- 4.0026
3.2852 6.0026
2.6886 3.6310
3.1473 0.8369
3.2313 0.3988
0.7431 1.9310
0.5905 4.9955
0.2048 0.9821
0.5798 0.1024
3.6040 3.7527
4.8977 1.2247
4.8977 3.9052
1.8321 3.6044
4.8321 3.1011
0.3905 0.2656
0.8035 4.3876
2.8639 2.0374
0.2760 2.0595
2.6199 3.2231
3.5428 --
0.8297 2.2518
2.5295 1.7708
-- --
-- 4.0792
0.3307 4.3259
2.6043 4.8319
-- 4.1420
2.1149 6.1420
2.8496 2.8249
4.1768 4.0139
4.1768 4.0139
4.1490 4.8347
