6.69609323859 4.31473163912
7.60702958115 --
6.58397270902 1.2344874332
5.37421394404 3.12075287513
2.44467022626 7.20255455027
1.47662046374 --
4.48686915417 3.7783784606
8.92675386359 8.53907496614
8.56635282121 --
1.68901928567 5.74914684591
8.21849764577 7.85439563885
2.14037748996 5.97223965092
5.58845818449 0.837005046045
-- 0.5175022437
3.21879550249 3.1173668361
5.24844126175 7.1273774321
5.1918600134 6.62666731459
8.60362720193 7.91854438014
2.89410870411 6.86218771208
0.905020471297 6.31501004498
7.69477005225 0.635650340456
2.86227415187 --
8.0444888899 9.64167654421
1.42614643974 2.55275910373
8.75484359157 4.68804143424
-- 9.52099439703
1.85586657372 7.28116918656
3.55075683046 5.00614921476
0.826203937333 --
3.3831232377 2.8687579157
5.03658146569 4.62093030005
0.282682840877 6.44263083673
2.36247887589 8.41170871029
3.90633740535 6.62843637728
1.76256291095 2.06964689428
2.16240970817 7.83583480732
8.79566362698 3.96972317643
9.56900671693 7.14736582049
3.55437536213 3.25897201746
2.54974760771 1.89652486172
5.33233281194 3.01051607519
6.03802184106 1.19918094151
8.65896861146 4.9828287296
1.57845123373 4.26733594024
-- 8.06659934338
3.09555186492 7.99306505917
7.71125511506 --
8.0608956054 1.72584368211
4.1478320915 --
1.09218289386 7.17525754452
2.68646350993 6.68763565037
5.17247879734 --
6.32899286015 4.13283159021
2.46447642871 4.21322464724
8.3626468755 3.69892430859
6.68512936631 8.75393045507
8.47558924168 1.85701010675
2.61976693979 3.24988659081
1.82968998496 6.56687266539
1.91542421677 9.23026160588
6.40144938483 7.38685233477
4.24570043747 0.848071777482
8.16562760912 7.5536269974
7.19296348217 1.4058651431
0.646942184755 0.189305696043
4.64338252 2.62972937645
7.84395603235 --
4.69719662093 --
3.87664397082 6.15191370459
8.16836567 8.42323316022
4.45675433464 2.12319331728
7.95463567984 3.47906325596
7.49091650728 --
3.15785547456 --
0.775047738449 4.92225579427
2.79980153663 4.57561781558
7.52813276717 --
4.52318768445 0.814026531869
7.55137928883 4.76499324141
6.8009515469 2.98208902018
4.63033078435 3.81121127914
6.94662914142 1.58178590941
8.81301991841 3.8612853098
3.71341505989 8.68215409639
-- 2.99867135274
6.27520003317 2.18258752082
7.62780993278 4.94448012037
7.97672466542 0.363601751925
7.06956702776 1.3113727205
5.26044622012 4.85462242432
2.32035027363 2.70909933004
8.34760835274 5.04121604471
4.2840187709 3.00412468677
2.88051245396 7.23231658802
5.78940142811 6.48797009423
7.10705583424 3.33738309636
1.90070404593 5.07645454762
5.47075394754 0.0705178235393
2.24158792897 4.94587687502
2.15418463255 9.95141198474
7.83375070396 7.64836859943
7.02631124306 --
9.6347172726 9.6030736916
2.51710181376 4.23729794368
5.391686435 6.49163991035
3.95114780194 --
8.24770765511 8.5009832077
7.18917753557 1.50500222648
0.113154270608 7.26629852374
1.17618446196 --
8.50567601327 2.0304288147
3.81552373696 --
2.34321095633 9.87772916645
5.94369035724 2.81327937339
6.5591815278 0.19926969944
0.359051573337 2.16940017044
4.51765993837 4.5175060861
4.82772208314 2.10390132207
4.15130531314 9.21837565908
4.5219550546 7.18000124987
8.16268050528 1.77736953642
9.33149742879 9.82358339575
1.64513589642 9.97177048842
3.92997115848 3.13144602411
4.40648866971 1.05426637985
0.0539001907516 8.6356187428
4.16126682756 --
4.29854266695 6.20599778762
-- 1.87556347214
7.27558082747 --
4.84686105271 3.60294796674
4.02012051558 2.28030734735
2.71406365601 3.99824423963
3.02561774715 7.0398564055
8.84926877627 --
5.12387605903 7.21724732528
6.16905205377 --
3.11702078521 1.13560814224
1.03006972381 1.61397785008
6.12649062029 9.04277270959
3.51250864744 4.37022118605
1.49720465976 5.27945642251
6.50509333832 7.9644580384
0.428511859741 8.42873299626
4.10274311329 --
9.60354054548 4.36361101781
6.81473007728 4.34678408549
8.67576305455 8.89018883289
8.20145249885 --
6.20347664267 --
2.60395160737 7.52901163526
0.429648773939 2.70970594758
-- 3.92957534514
3.02728517847 1.85440507974
9.35863266252 5.00455159899
7.11728820125 9.09864396293
9.63166326098 1.32863293668
7.20968552945 4.02653477448
6.12061362521 0.743996484998
5.82407734018 6.99096444489
7.33917882063 3.77604628081
2.12717138797 --
7.23564920608 5.35800626907
9.9671499516 0.00457566241354
2.49935579805 --
5.03091651313 --
1.05873398676 8.30782717625
8.60147112743 3.25614809783
5.42230026667 --
2.99056300059 0.54748381615
0.930578365345 8.45039162975
3.95410064455 --
9.66823117818 6.32853252211
2.92132263119 3.76109605312
7.10156362062 3.83496956138
4.42526298842 7.56129505561
0.66513138091 4.63926336965
1.29300509525 --
2.73865765884 1.04779567016
6.21066064437 --
1.8297080196 5.61398449025
6.42259157983 1.40388374838
7.04641561187 8.80981811782
9.21120548615 8.61128004386
5.37958038588 1.75411631568
5.40990497611 8.2309845179
2.2504693502 8.93404841106
9.63851290765 0.0776149673328
7.23588119092 9.25161575917
4.8361844498 6.72472486884
9.1948205439 3.75143872616
9.44759920103 3.10073642685
6.17764876175 1.8866959686
1.00085109076 --
2.05323581895 --
7.75813650304 2.25018864666
3.38665666341 3.84084365928
2.54571906406 8.72293835741
8.69315054043 2.56024605388
3.96277079354 4.64265587713
